20 2.5 7.5 -0.0274156
20 2.5 7.5 -0.0411234
20 2.5 7.5 0.0548311
20 1 7.5 -0.0274156
20 1 7.5 -0.0411234
20 1 7.5 0.0548311
20 1 7.5 0.0411234
20 -0.5 7.5 -0.0411234
20 -0.5 7.5 0.0548311
20 -0.5 7.5 0.0411234
20 -2 7.5 0.0548311
20 -2 7.5 0.0411234
20 -2 7.5 0.0274156
18.5 2.5 7.5 -0.0274156
18.5 2.5 7.5 -0.0411234
18.5 2.5 7.5 0.0548311
18.5 1 7.5 -0.0274156
18.5 1 7.5 -0.0411234
18.5 1 7.5 0.0548311
18.5 1 7.5 0.0411234
18.5 -0.5 7.5 -0.0411234
18.5 -0.5 7.5 0.0548311
18.5 -0.5 7.5 0.0411234
18.5 -0.5 7.5 0.0274156
18.5 -2 7.5 0.0548311
18.5 -2 7.5 0.0411234
18.5 -2 7.5 0.0274156
18.5 -3.5 7.5 0.0548311
18.5 -3.5 7.5 0.0411234
18.5 -3.5 7.5 0.0274156
17 2.5 7.5 -0.0137078
17 2.5 7.5 -0.0274156
17 2.5 7.5 -0.0411234
17 2.5 7.5 0.0548311
17 2.5 7.5 0.0411234
17 1 7.5 -0.0137078
17 1 7.5 -0.0274156
17 1 7.5 -0.0411234
17 1 7.5 0.0548311
17 1 7.5 0.0411234
17 -0.5 7.5 -0.0137078
17 -0.5 7.5 -0.0411234
17 -0.5 7.5 0.0548311
17 -0.5 7.5 0.0411234
17 -0.5 7.5 0.0274156
17 -0.5 7.5 0.0137078
17 -2 7.5 -0.0411234
17 -2 7.5 0.0548311
17 -2 7.5 0.0411234
17 -2 7.5 0.0274156
17 -2 7.5 0.0137078
17 -3.5 7.5 0.0548311
17 -3.5 7.5 0.0411234
17 -3.5 7.5 0.0274156
17 -3.5 7.5 0.0137078
15.5 1 7.5 -0.0137078
15.5 1 7.5 -0.0274156
15.5 1 7.5 -0.0411234
15.5 1 7.5 0.0548311
15.5 1 7.5 0.0411234
15.5 1 7.5 0.0137078
15.5 1 7.5 0
15.5 -2 7.5 -0.0411234
15.5 -2 7.5 0.0548311
15.5 -2 7.5 0.0411234
15.5 -2 7.5 0.0274156
15.5 -2 7.5 0.0137078
15.5 -2 7.5 0
20 4 6 -0.0274156
20 4 6 -0.0411234
20 4 6 0.0548311
20 4 6 0.0411234
20 2.5 6 -0.0274156
20 2.5 6 -0.0411234
20 2.5 6 0.0548311
20 1 6 -0.0274156
20 1 6 -0.0411234
20 1 6 0.0548311
20 1 6 0.0411234
20 -0.5 6 -0.0274156
20 -0.5 6 -0.0411234
20 -0.5 6 0.0548311
20 -0.5 6 0.0411234
20 -0.5 6 0.0274156
20 -2 6 0.0548311
20 -2 6 0.0411234
20 -2 6 0.0274156
20 -3.5 6 -0.0411234
20 -3.5 6 0.0548311
20 -3.5 6 0.0411234
20 -3.5 6 0.0274156
18.5 4 6 -0.0274156
18.5 4 6 -0.0411234
18.5 4 6 0.0548311
18.5 4 6 0.0411234
18.5 2.5 6 -0.0137078
18.5 2.5 6 -0.0274156
18.5 2.5 6 -0.0411234
18.5 2.5 6 0.0548311
18.5 2.5 6 0.0411234
18.5 -0.5 6 -0.0274156
18.5 -0.5 6 -0.0411234
18.5 -0.5 6 0.0548311
18.5 -0.5 6 0.0411234
18.5 -0.5 6 0.0274156
18.5 -0.5 6 0.0137078
18.5 -3.5 6 -0.0411234
18.5 -3.5 6 0.0548311
18.5 -3.5 6 0.0411234
18.5 -3.5 6 0.0274156
17 4 6 -0.0137078
17 4 6 -0.0274156
17 4 6 -0.0411234
17 4 6 0.0548311
17 4 6 0.0411234
17 2.5 6 -0.0137078
17 2.5 6 -0.0274156
17 2.5 6 -0.0411234
17 2.5 6 0.0548311
17 2.5 6 0.0411234
17 2.5 6 0.0274156
17 2.5 6 0
17 -0.5 6 -0.0137078
17 -0.5 6 -0.0274156
17 -0.5 6 -0.0411234
17 -0.5 6 0.0548311
17 -0.5 6 0.0411234
17 -0.5 6 0.0274156
17 -0.5 6 0.0137078
17 -3.5 6 -0.0411234
17 -3.5 6 0.0548311
17 -3.5 6 0.0411234
17 -3.5 6 0.0274156
17 -3.5 6 0.0137078
15.5 2.5 6 -0.0137078
15.5 2.5 6 -0.0274156
15.5 2.5 6 -0.0411234
15.5 2.5 6 0.0548311
15.5 2.5 6 0.0411234
15.5 2.5 6 0.0274156
15.5 2.5 6 0.0137078
15.5 2.5 6 0
15.5 1 6 -0.0137078
15.5 1 6 -0.0274156
15.5 1 6 -0.0411234
15.5 1 6 0.0548311
15.5 1 6 0.0411234
15.5 1 6 0.0274156
15.5 1 6 0.0137078
15.5 1 6 0
15.5 -0.5 6 -0.0137078
15.5 -0.5 6 -0.0274156
15.5 -0.5 6 -0.0411234
15.5 -0.5 6 0.0548311
15.5 -0.5 6 0.0411234
15.5 -0.5 6 0.0274156
15.5 -0.5 6 0.0137078
15.5 -0.5 6 0
15.5 -2 6 -0.0137078
15.5 -2 6 -0.0274156
15.5 -2 6 -0.0411234
15.5 -2 6 0.0548311
15.5 -2 6 0.0411234
15.5 -2 6 0.0274156
15.5 -2 6 0.0137078
15.5 -2 6 0
15.5 -3.5 6 -0.0411234
15.5 -3.5 6 0.0548311
15.5 -3.5 6 0.0411234
15.5 -3.5 6 0.0274156
15.5 -3.5 6 0.0137078
15.5 -3.5 6 0
8 -0.5 6 -0.0137078
8 -0.5 6 -0.0274156
8 -0.5 6 0.0548311
8 -0.5 6 0.0411234
8 -0.5 6 0.0274156
8 -0.5 6 0.0137078
8 -0.5 6 0
6.5 1 6 -0.0137078
6.5 1 6 -0.0411234
6.5 1 6 0.0548311
6.5 1 6 0.0137078
6.5 1 6 0
6.5 -0.5 6 -0.0137078
6.5 -0.5 6 0.0548311
6.5 -0.5 6 0.0411234
6.5 -0.5 6 0.0137078
6.5 -0.5 6 0
5 1 6 -0.0137078
5 1 6 -0.0411234
5 1 6 0.0548311
5 1 6 0.0137078
5 1 6 0
5 -0.5 6 -0.0137078
5 -0.5 6 0.0548311
5 -0.5 6 0.0411234
5 -0.5 6 0.0137078
5 -0.5 6 0
3.5 -0.5 6 -0.0137078
3.5 -0.5 6 0.0137078
3.5 -0.5 6 0
20 4 4.5 -0.0274156
20 4 4.5 -0.0411234
20 4 4.5 0.0548311
20 4 4.5 0.0411234
20 2.5 4.5 -0.0274156
20 2.5 4.5 -0.0411234
20 2.5 4.5 0.0548311
20 2.5 4.5 0.0411234
20 1 4.5 -0.0274156
20 1 4.5 -0.0411234
20 1 4.5 0.0548311
20 1 4.5 0.0411234
20 1 4.5 0.0274156
20 -0.5 4.5 -0.0274156
20 -0.5 4.5 -0.0411234
20 -0.5 4.5 0.0548311
20 -0.5 4.5 0.0411234
20 -0.5 4.5 0.0274156
20 -2 4.5 -0.0274156
20 -2 4.5 -0.0411234
20 -2 4.5 0.0548311
20 -2 4.5 0.0411234
20 -2 4.5 0.0274156
20 -3.5 4.5 -0.0411234
20 -3.5 4.5 0.0548311
20 -3.5 4.5 0.0411234
20 -3.5 4.5 0.0274156
20 -5 4.5 0.0548311
20 -5 4.5 0.0411234
20 -5 4.5 0.0274156
18.5 5.5 4.5 -0.0137078
18.5 5.5 4.5 -0.0274156
18.5 5.5 4.5 -0.0411234
18.5 5.5 4.5 0.0548311
18.5 4 4.5 -0.0137078
18.5 4 4.5 -0.0274156
18.5 4 4.5 -0.0411234
18.5 4 4.5 0.0548311
18.5 4 4.5 0.0411234
18.5 -0.5 4.5 -0.0137078
18.5 -0.5 4.5 -0.0274156
18.5 -0.5 4.5 -0.0411234
18.5 -0.5 4.5 0.0548311
18.5 -0.5 4.5 0.0411234
18.5 -0.5 4.5 0.0274156
18.5 -0.5 4.5 0.0137078
18.5 -3.5 4.5 -0.0411234
18.5 -3.5 4.5 0.0548311
18.5 -3.5 4.5 0.0411234
18.5 -3.5 4.5 0.0274156
18.5 -5 4.5 -0.0411234
18.5 -5 4.5 0.0548311
18.5 -5 4.5 0.0411234
18.5 -5 4.5 0.0274156
18.5 -5 4.5 0.0137078
17 4 4.5 -0.0137078
17 4 4.5 -0.0274156
17 4 4.5 -0.0411234
17 4 4.5 0.0548311
17 4 4.5 0.0411234
17 4 4.5 0
17 -0.5 4.5 -0.0137078
17 -0.5 4.5 -0.0274156
17 -0.5 4.5 -0.0411234
17 -0.5 4.5 0.0548311
17 -0.5 4.5 0.0411234
17 -0.5 4.5 0.0274156
17 -0.5 4.5 0.0137078
17 -0.5 4.5 0
17 -3.5 4.5 -0.0411234
17 -3.5 4.5 0.0548311
17 -3.5 4.5 0.0411234
17 -3.5 4.5 0.0274156
17 -3.5 4.5 0.0137078
17 -3.5 4.5 0
17 -5 4.5 -0.0411234
17 -5 4.5 0.0548311
17 -5 4.5 0.0411234
17 -5 4.5 0.0274156
17 -5 4.5 0.0137078
17 -5 4.5 0
15.5 7 4.5 -0.0137078
15.5 7 4.5 -0.0274156
15.5 7 4.5 -0.0411234
15.5 7 4.5 0.0548311
15.5 5.5 4.5 -0.0137078
15.5 5.5 4.5 -0.0274156
15.5 5.5 4.5 -0.0411234
15.5 5.5 4.5 0.0548311
15.5 5.5 4.5 0.0411234
15.5 5.5 4.5 0
15.5 4 4.5 -0.0137078
15.5 4 4.5 -0.0274156
15.5 4 4.5 -0.0411234
15.5 4 4.5 0.0548311
15.5 4 4.5 0.0411234
15.5 4 4.5 0.0274156
15.5 4 4.5 0
15.5 2.5 4.5 -0.0137078
15.5 2.5 4.5 -0.0274156
15.5 2.5 4.5 -0.0411234
15.5 2.5 4.5 0.0548311
15.5 2.5 4.5 0.0411234
15.5 2.5 4.5 0.0274156
15.5 2.5 4.5 0.0137078
15.5 2.5 4.5 0
15.5 1 4.5 -0.0137078
15.5 1 4.5 -0.0274156
15.5 1 4.5 -0.0411234
15.5 1 4.5 0.0548311
15.5 1 4.5 0.0411234
15.5 1 4.5 0.0274156
15.5 1 4.5 0.0137078
15.5 1 4.5 0
15.5 -0.5 4.5 -0.0137078
15.5 -0.5 4.5 -0.0274156
15.5 -0.5 4.5 -0.0411234
15.5 -0.5 4.5 0.0548311
15.5 -0.5 4.5 0.0411234
15.5 -0.5 4.5 0.0274156
15.5 -0.5 4.5 0.0137078
15.5 -0.5 4.5 0
15.5 -2 4.5 -0.0137078
15.5 -2 4.5 -0.0274156
15.5 -2 4.5 -0.0411234
15.5 -2 4.5 0.0548311
15.5 -2 4.5 0.0411234
15.5 -2 4.5 0.0274156
15.5 -2 4.5 0.0137078
15.5 -2 4.5 0
15.5 -3.5 4.5 -0.0137078
15.5 -3.5 4.5 -0.0274156
15.5 -3.5 4.5 -0.0411234
15.5 -3.5 4.5 0.0548311
15.5 -3.5 4.5 0.0411234
15.5 -3.5 4.5 0.0274156
15.5 -3.5 4.5 0.0137078
15.5 -3.5 4.5 0
15.5 -5 4.5 -0.0411234
15.5 -5 4.5 0.0548311
15.5 -5 4.5 0.0411234
15.5 -5 4.5 0.0274156
15.5 -5 4.5 0.0137078
15.5 -5 4.5 0
15.5 -6.5 4.5 0.0548311
15.5 -6.5 4.5 0.0411234
15.5 -6.5 4.5 0.0274156
15.5 -6.5 4.5 0.0137078
15.5 -8 4.5 0.0411234
15.5 -8 4.5 0.0274156
15.5 -8 4.5 0.0137078
14 7 4.5 -0.0137078
14 7 4.5 -0.0274156
14 7 4.5 -0.0411234
14 5.5 4.5 -0.0137078
14 5.5 4.5 -0.0274156
14 5.5 4.5 -0.0411234
14 5.5 4.5 0.0548311
14 5.5 4.5 0
14 4 4.5 -0.0137078
14 4 4.5 -0.0274156
14 4 4.5 -0.0411234
14 4 4.5 0.0548311
14 4 4.5 0.0411234
14 4 4.5 0.0274156
14 4 4.5 0.0137078
14 4 4.5 0
14 2.5 4.5 -0.0137078
14 2.5 4.5 -0.0274156
14 2.5 4.5 -0.0411234
14 2.5 4.5 0.0548311
14 2.5 4.5 0.0411234
14 2.5 4.5 0.0274156
14 2.5 4.5 0.0137078
14 2.5 4.5 0
14 1 4.5 -0.0137078
14 1 4.5 -0.0274156
14 1 4.5 -0.0411234
14 1 4.5 0.0548311
14 1 4.5 0.0411234
14 1 4.5 0.0274156
14 1 4.5 0.0137078
14 1 4.5 0
14 -0.5 4.5 -0.0137078
14 -0.5 4.5 -0.0274156
14 -0.5 4.5 -0.0411234
14 -0.5 4.5 0.0548311
14 -0.5 4.5 0.0411234
14 -0.5 4.5 0.0274156
14 -0.5 4.5 0.0137078
14 -0.5 4.5 0
14 -2 4.5 -0.0137078
14 -2 4.5 -0.0274156
14 -2 4.5 -0.0411234
14 -2 4.5 0.0548311
14 -2 4.5 0.0411234
14 -2 4.5 0.0274156
14 -2 4.5 0.0137078
14 -2 4.5 0
14 -3.5 4.5 -0.0137078
14 -3.5 4.5 -0.0274156
14 -3.5 4.5 -0.0411234
14 -3.5 4.5 0.0548311
14 -3.5 4.5 0.0411234
14 -3.5 4.5 0.0274156
14 -3.5 4.5 0.0137078
14 -3.5 4.5 0
14 -5 4.5 0.0548311
14 -5 4.5 0.0411234
14 -5 4.5 0.0274156
14 -5 4.5 0.0137078
14 -5 4.5 0
14 -6.5 4.5 0.0548311
14 -6.5 4.5 0.0411234
14 -6.5 4.5 0.0274156
14 -6.5 4.5 0.0137078
14 -6.5 4.5 0
14 -8 4.5 0.0411234
14 -8 4.5 0.0274156
14 -8 4.5 0.0137078
12.5 7 4.5 -0.0137078
12.5 7 4.5 -0.0274156
12.5 7 4.5 -0.0411234
12.5 7 4.5 0
12.5 5.5 4.5 -0.0137078
12.5 5.5 4.5 -0.0274156
12.5 5.5 4.5 -0.0411234
12.5 5.5 4.5 0.0137078
12.5 5.5 4.5 0
12.5 4 4.5 -0.0137078
12.5 4 4.5 -0.0274156
12.5 4 4.5 -0.0411234
12.5 4 4.5 0.0548311
12.5 4 4.5 0.0274156
12.5 4 4.5 0.0137078
12.5 4 4.5 0
12.5 2.5 4.5 -0.0137078
12.5 2.5 4.5 -0.0274156
12.5 2.5 4.5 -0.0411234
12.5 2.5 4.5 0.0548311
12.5 2.5 4.5 0.0411234
12.5 2.5 4.5 0.0274156
12.5 2.5 4.5 0.0137078
12.5 2.5 4.5 0
12.5 1 4.5 -0.0137078
12.5 1 4.5 -0.0274156
12.5 1 4.5 -0.0411234
12.5 1 4.5 0.0548311
12.5 1 4.5 0.0411234
12.5 1 4.5 0.0274156
12.5 1 4.5 0.0137078
12.5 1 4.5 0
12.5 -0.5 4.5 -0.0137078
12.5 -0.5 4.5 -0.0274156
12.5 -0.5 4.5 -0.0411234
12.5 -0.5 4.5 0.0548311
12.5 -0.5 4.5 0.0411234
12.5 -0.5 4.5 0.0274156
12.5 -0.5 4.5 0.0137078
12.5 -0.5 4.5 0
12.5 -2 4.5 -0.0137078
12.5 -2 4.5 -0.0274156
12.5 -2 4.5 -0.0411234
12.5 -2 4.5 0.0548311
12.5 -2 4.5 0.0411234
12.5 -2 4.5 0.0274156
12.5 -2 4.5 0.0137078
12.5 -2 4.5 0
12.5 -3.5 4.5 -0.0137078
12.5 -3.5 4.5 -0.0274156
12.5 -3.5 4.5 0.0548311
12.5 -3.5 4.5 0.0411234
12.5 -3.5 4.5 0.0274156
12.5 -3.5 4.5 0.0137078
12.5 -3.5 4.5 0
12.5 -5 4.5 -0.0137078
12.5 -5 4.5 0.0411234
12.5 -5 4.5 0.0274156
12.5 -5 4.5 0.0137078
12.5 -5 4.5 0
12.5 -6.5 4.5 0.0411234
12.5 -6.5 4.5 0.0274156
12.5 -6.5 4.5 0.0137078
12.5 -6.5 4.5 0
12.5 -8 4.5 0.0411234
12.5 -8 4.5 0.0274156
12.5 -8 4.5 0.0137078
11 5.5 4.5 -0.0137078
11 5.5 4.5 -0.0274156
11 5.5 4.5 -0.0411234
11 5.5 4.5 0.0137078
11 5.5 4.5 0
11 4 4.5 -0.0137078
11 4 4.5 -0.0274156
11 4 4.5 -0.0411234
11 4 4.5 0.0548311
11 4 4.5 0.0137078
11 4 4.5 0
11 2.5 4.5 -0.0137078
11 2.5 4.5 -0.0274156
11 2.5 4.5 -0.0411234
11 2.5 4.5 0.0548311
11 2.5 4.5 0.0274156
11 2.5 4.5 0.0137078
11 2.5 4.5 0
11 1 4.5 -0.0137078
11 1 4.5 -0.0274156
11 1 4.5 -0.0411234
11 1 4.5 0.0548311
11 1 4.5 0.0411234
11 1 4.5 0.0274156
11 1 4.5 0.0137078
11 1 4.5 0
11 -0.5 4.5 -0.0137078
11 -0.5 4.5 -0.0274156
11 -0.5 4.5 -0.0411234
11 -0.5 4.5 0.0548311
11 -0.5 4.5 0.0411234
11 -0.5 4.5 0.0274156
11 -0.5 4.5 0.0137078
11 -0.5 4.5 0
11 -2 4.5 -0.0137078
11 -2 4.5 -0.0274156
11 -2 4.5 0.0548311
11 -2 4.5 0.0411234
11 -2 4.5 0.0274156
11 -2 4.5 0.0137078
11 -2 4.5 0
11 -3.5 4.5 -0.0137078
11 -3.5 4.5 0.0548311
11 -3.5 4.5 0.0411234
11 -3.5 4.5 0.0274156
11 -3.5 4.5 0.0137078
11 -3.5 4.5 0
11 -5 4.5 -0.0137078
11 -5 4.5 0.0411234
11 -5 4.5 0.0274156
11 -5 4.5 0.0137078
11 -5 4.5 0
11 -6.5 4.5 0.0411234
11 -6.5 4.5 0.0274156
11 -6.5 4.5 0.0137078
11 -6.5 4.5 0
9.5 4 4.5 -0.0137078
9.5 4 4.5 -0.0274156
9.5 4 4.5 -0.0411234
9.5 4 4.5 0.0137078
9.5 4 4.5 0
9.5 2.5 4.5 -0.0137078
9.5 2.5 4.5 -0.0274156
9.5 2.5 4.5 -0.0411234
9.5 2.5 4.5 0.0548311
9.5 2.5 4.5 0.0137078
9.5 2.5 4.5 0
9.5 1 4.5 -0.0137078
9.5 1 4.5 -0.0274156
9.5 1 4.5 -0.0411234
9.5 1 4.5 0.0548311
9.5 1 4.5 0.0411234
9.5 1 4.5 0.0274156
9.5 1 4.5 0.0137078
9.5 1 4.5 0
9.5 -0.5 4.5 -0.0137078
9.5 -0.5 4.5 -0.0274156
9.5 -0.5 4.5 -0.0411234
9.5 -0.5 4.5 0.0548311
9.5 -0.5 4.5 0.0411234
9.5 -0.5 4.5 0.0274156
9.5 -0.5 4.5 0.0137078
9.5 -0.5 4.5 0
9.5 -2 4.5 -0.0137078
9.5 -2 4.5 -0.0274156
9.5 -2 4.5 0.0548311
9.5 -2 4.5 0.0411234
9.5 -2 4.5 0.0274156
9.5 -2 4.5 0.0137078
9.5 -2 4.5 0
9.5 -3.5 4.5 -0.0137078
9.5 -3.5 4.5 0.0548311
9.5 -3.5 4.5 0.0411234
9.5 -3.5 4.5 0.0274156
9.5 -3.5 4.5 0.0137078
9.5 -3.5 4.5 0
9.5 -5 4.5 -0.0137078
9.5 -5 4.5 0.0411234
9.5 -5 4.5 0.0274156
9.5 -5 4.5 0.0137078
9.5 -5 4.5 0
8 2.5 4.5 -0.0137078
8 2.5 4.5 -0.0274156
8 2.5 4.5 -0.0411234
8 2.5 4.5 0.0548311
8 2.5 4.5 0.0137078
8 2.5 4.5 0
8 1 4.5 -0.0137078
8 1 4.5 -0.0274156
8 1 4.5 -0.0411234
8 1 4.5 0.0548311
8 1 4.5 0.0411234
8 1 4.5 0.0137078
8 1 4.5 0
8 -0.5 4.5 -0.0137078
8 -0.5 4.5 -0.0411234
8 -0.5 4.5 0.0548311
8 -0.5 4.5 0.0411234
8 -0.5 4.5 0.0274156
8 -0.5 4.5 0.0137078
8 -0.5 4.5 0
8 -2 4.5 -0.0137078
8 -2 4.5 0.0548311
8 -2 4.5 0.0411234
8 -2 4.5 0.0274156
8 -2 4.5 0.0137078
8 -2 4.5 0
8 -3.5 4.5 -0.0137078
8 -3.5 4.5 0.0548311
8 -3.5 4.5 0.0411234
8 -3.5 4.5 0.0274156
8 -3.5 4.5 0.0137078
8 -3.5 4.5 0
6.5 2.5 4.5 -0.0137078
6.5 2.5 4.5 -0.0274156
6.5 2.5 4.5 -0.0411234
6.5 2.5 4.5 0.0548311
6.5 2.5 4.5 0.0137078
6.5 2.5 4.5 0
6.5 1 4.5 -0.0137078
6.5 1 4.5 -0.0274156
6.5 1 4.5 -0.0411234
6.5 1 4.5 0.0548311
6.5 1 4.5 0.0137078
6.5 1 4.5 0
6.5 -0.5 4.5 -0.0137078
6.5 -0.5 4.5 0.0548311
6.5 -0.5 4.5 0.0411234
6.5 -0.5 4.5 0.0274156
6.5 -0.5 4.5 0.0137078
6.5 -0.5 4.5 0
6.5 -2 4.5 -0.0137078
6.5 -2 4.5 0.0548311
6.5 -2 4.5 0.0411234
6.5 -2 4.5 0.0274156
6.5 -2 4.5 0.0137078
6.5 -2 4.5 0
6.5 -3.5 4.5 -0.0137078
6.5 -3.5 4.5 0.0548311
6.5 -3.5 4.5 0.0411234
6.5 -3.5 4.5 0.0274156
6.5 -3.5 4.5 0.0137078
6.5 -3.5 4.5 0
5 2.5 4.5 -0.0137078
5 2.5 4.5 -0.0274156
5 2.5 4.5 -0.0411234
5 2.5 4.5 0.0548311
5 2.5 4.5 0.0137078
5 2.5 4.5 0
5 1 4.5 -0.0137078
5 1 4.5 -0.0274156
5 1 4.5 -0.0411234
5 1 4.5 0.0548311
5 1 4.5 0.0137078
5 1 4.5 0
5 -0.5 4.5 -0.0137078
5 -0.5 4.5 0.0548311
5 -0.5 4.5 0.0411234
5 -0.5 4.5 0.0274156
5 -0.5 4.5 0.0137078
5 -0.5 4.5 0
5 -2 4.5 -0.0137078
5 -2 4.5 0.0548311
5 -2 4.5 0.0411234
5 -2 4.5 0.0274156
5 -2 4.5 0.0137078
5 -2 4.5 0
5 -3.5 4.5 0.0411234
5 -3.5 4.5 0.0274156
5 -3.5 4.5 0.0137078
5 -3.5 4.5 0
3.5 2.5 4.5 -0.0137078
3.5 2.5 4.5 -0.0274156
3.5 2.5 4.5 -0.0411234
3.5 2.5 4.5 0
3.5 1 4.5 -0.0137078
3.5 1 4.5 -0.0274156
3.5 1 4.5 -0.0411234
3.5 1 4.5 0.0548311
3.5 1 4.5 0.0137078
3.5 1 4.5 0
3.5 -0.5 4.5 -0.0137078
3.5 -0.5 4.5 0.0548311
3.5 -0.5 4.5 0.0411234
3.5 -0.5 4.5 0.0137078
3.5 -0.5 4.5 0
3.5 -2 4.5 0.0548311
3.5 -2 4.5 0.0411234
3.5 -2 4.5 0.0274156
3.5 -2 4.5 0.0137078
3.5 -2 4.5 0
2 1 4.5 -0.0137078
2 1 4.5 0
2 -0.5 4.5 -0.0137078
2 -0.5 4.5 0.0137078
2 -0.5 4.5 0
2 -2 4.5 0.0411234
2 -2 4.5 0.0274156
2 -2 4.5 0.0137078
2 -2 4.5 0
0.5 1 4.5 -0.0137078
0.5 1 4.5 0
0.5 -0.5 4.5 0.0137078
0.5 -0.5 4.5 0
-1 -0.5 4.5 0.0137078
-1 -0.5 4.5 0
20 5.5 3 -0.0274156
20 5.5 3 -0.0411234
20 5.5 3 0.0548311
20 4 3 -0.0274156
20 4 3 -0.0411234
20 4 3 0.0548311
20 4 3 0.0411234
20 2.5 3 -0.0274156
20 2.5 3 -0.0411234
20 2.5 3 0.0548311
20 2.5 3 0.0411234
20 2.5 3 0.0274156
20 1 3 -0.0274156
20 1 3 -0.0411234
20 1 3 0.0548311
20 1 3 0.0411234
20 1 3 0.0274156
20 -0.5 3 -0.0274156
20 -0.5 3 -0.0411234
20 -0.5 3 0.0548311
20 -0.5 3 0.0411234
20 -0.5 3 0.0274156
20 -2 3 -0.0274156
20 -2 3 -0.0411234
20 -2 3 0.0548311
20 -2 3 0.0411234
20 -2 3 0.0274156
20 -3.5 3 -0.0411234
20 -3.5 3 0.0548311
20 -3.5 3 0.0411234
20 -3.5 3 0.0274156
20 -5 3 0.0548311
20 -5 3 0.0411234
20 -5 3 0.0274156
20 -6.5 3 0.0548311
20 -6.5 3 0.0411234
20 -6.5 3 0.0274156
18.5 5.5 3 -0.0137078
18.5 5.5 3 -0.0274156
18.5 5.5 3 -0.0411234
18.5 5.5 3 0.0548311
18.5 4 3 -0.0137078
18.5 4 3 -0.0274156
18.5 4 3 -0.0411234
18.5 4 3 0.0548311
18.5 4 3 0.0411234
18.5 -3.5 3 -0.0411234
18.5 -3.5 3 0.0548311
18.5 -3.5 3 0.0411234
18.5 -3.5 3 0.0274156
18.5 -3.5 3 0.0137078
18.5 -5 3 -0.0411234
18.5 -5 3 0.0548311
18.5 -5 3 0.0411234
18.5 -5 3 0.0274156
18.5 -5 3 0.0137078
18.5 -6.5 3 0.0548311
18.5 -6.5 3 0.0411234
18.5 -6.5 3 0.0274156
18.5 -6.5 3 0.0137078
17 7 3 -0.0137078
17 7 3 -0.0274156
17 7 3 -0.0411234
17 7 3 0.0548311
17 5.5 3 -0.0137078
17 5.5 3 -0.0274156
17 5.5 3 -0.0411234
17 5.5 3 0.0548311
17 4 3 -0.0137078
17 4 3 -0.0274156
17 4 3 -0.0411234
17 4 3 0.0548311
17 4 3 0.0411234
17 4 3 0
17 -3.5 3 -0.0137078
17 -3.5 3 -0.0411234
17 -3.5 3 0.0548311
17 -3.5 3 0.0411234
17 -3.5 3 0.0274156
17 -3.5 3 0.0137078
17 -3.5 3 0
17 -5 3 -0.0411234
17 -5 3 0.0548311
17 -5 3 0.0411234
17 -5 3 0.0274156
17 -5 3 0.0137078
17 -5 3 0
17 -6.5 3 0.0548311
17 -6.5 3 0.0411234
17 -6.5 3 0.0274156
17 -6.5 3 0.0137078
17 -8 3 0.0548311
17 -8 3 0.0411234
17 -8 3 0.0274156
17 -8 3 0.0137078