3.2 0.8 2 -0.0274156
3.2 0.8 2 -0.0411234
2.6 0.8 2 -0.0274156
2.6 -1 2 0.0274156
2 0.8 2 -0.0137078
2 0.8 2 -0.0274156
3.8 0.8 1.4 -0.0411234
3.8 0.8 1.4 0.0548311
3.8 0.2 1.4 -0.0411234
3.8 0.2 1.4 0.0548311
3.8 0.2 1.4 0.0411234
3.8 -0.4 1.4 -0.0411234
3.8 -0.4 1.4 0.0548311
3.8 -0.4 1.4 0.0411234
3.2 1.4 1.4 -0.0274156
3.2 1.4 1.4 -0.0411234
3.2 1.4 1.4 0.0548311
3.2 0.8 1.4 -0.0274156
3.2 0.8 1.4 -0.0411234
3.2 0.8 1.4 0.0548311
3.2 -1 1.4 0.0548311
3.2 -1 1.4 0.0411234
3.2 -1 1.4 0.0274156
2.6 1.4 1.4 -0.0274156
2.6 1.4 1.4 -0.0411234
2.6 -1.6 1.4 0.0411234
2.6 -1.6 1.4 0.0274156
2 1.4 1.4 -0.0137078
2 1.4 1.4 -0.0274156
2 1.4 1.4 -0.0411234
2 -1 1.4 0.0411234
2 -1 1.4 0.0274156
2 -1 1.4 0.0137078
2 -1.6 1.4 0.0411234
2 -1.6 1.4 0.0274156
2 -1.6 1.4 0.0137078
1.4 1.4 1.4 -0.0137078
1.4 1.4 1.4 -0.0274156
1.4 1.4 1.4 -0.0411234
1.4 1.4 1.4 0
1.4 0.8 1.4 -0.0137078
1.4 0.8 1.4 -0.0274156
1.4 0.8 1.4 -0.0411234
1.4 0.8 1.4 0.0548311
1.4 0.8 1.4 0
1.4 -0.4 1.4 -0.0137078
1.4 -0.4 1.4 0.0548311
1.4 -0.4 1.4 0.0411234
1.4 -0.4 1.4 0.0274156
1.4 -0.4 1.4 0.0137078
1.4 -0.4 1.4 0
1.4 -1 1.4 0.0411234
1.4 -1 1.4 0.0274156
1.4 -1 1.4 0.0137078
1.4 -1 1.4 0
1.4 -1.6 1.4 0.0411234
1.4 -1.6 1.4 0.0274156
1.4 -1.6 1.4 0.0137078
0.8 0.8 1.4 -0.0137078
0.8 0.8 1.4 -0.0274156
0.8 0.8 1.4 -0.0411234
0.8 0.8 1.4 0
0.8 -1 1.4 0.0411234
0.8 -1 1.4 0.0274156
0.8 -1 1.4 0.0137078
0.8 -1 1.4 0
0.2 0.8 1.4 -0.0137078
0.2 0.8 1.4 -0.0274156
0.2 0.8 1.4 0
0.2 0.2 1.4 -0.0137078
0.2 0.2 1.4 0.0137078
0.2 0.2 1.4 0
0.2 -0.4 1.4 -0.0137078
0.2 -0.4 1.4 0.0137078
0.2 -0.4 1.4 0
0.2 -1 1.4 0.0274156
0.2 -1 1.4 0.0137078
0.2 -1 1.4 0
-0.4 0.8 1.4 -0.0137078
-0.4 0.8 1.4 0
-0.4 0.2 1.4 -0.0137078
-0.4 0.2 1.4 0
-0.4 -0.4 1.4 0.0137078
-0.4 -0.4 1.4 0
3.8 1.4 0.8 -0.0411234
3.8 1.4 0.8 0.0548311
3.8 0.8 0.8 -0.0411234
3.8 0.8 0.8 0.0548311
3.8 0.2 0.8 -0.0411234
3.8 0.2 0.8 0.0548311
3.8 0.2 0.8 0.0411234
3.8 -0.4 0.8 0.0548311
3.8 -0.4 0.8 0.0411234
3.8 -1 0.8 0.0548311
3.8 -1 0.8 0.0411234
3.2 1.4 0.8 -0.0274156
3.2 1.4 0.8 -0.0411234
3.2 1.4 0.8 0.0548311
3.2 -1.6 0.8 0.0548311
3.2 -1.6 0.8 0.0411234
3.2 -1.6 0.8 0.0274156
2.6 2 0.8 -0.0274156
2.6 2 0.8 -0.0411234
2.6 -2.2 0.8 0.0411234
2.6 -2.2 0.8 0.0274156
2 2 0.8 -0.0137078
2 2 0.8 -0.0274156
2 2 0.8 -0.0411234
2 -2.2 0.8 0.0274156
2 -2.2 0.8 0.0137078
1.4 2 0.8 -0.0137078
1.4 2 0.8 -0.0274156
1.4 -2.2 0.8 0.0274156
1.4 -2.2 0.8 0.0137078
0.8 1.4 0.8 -0.0137078
0.8 1.4 0.8 -0.0274156
0.8 1.4 0.8 -0.0411234
0.8 1.4 0.8 0
0.8 -1.6 0.8 0.0411234
0.8 -1.6 0.8 0.0274156
0.8 -1.6 0.8 0.0137078
0.2 1.4 0.8 -0.0137078
0.2 1.4 0.8 -0.0274156
0.2 1.4 0.8 0
0.2 -1 0.8 0.0274156
0.2 -1 0.8 0.0137078
0.2 -1 0.8 0
-0.4 0.8 0.8 -0.0137078
-0.4 0.8 0.8 -0.0274156
-0.4 0.8 0.8 0
-0.4 -1 0.8 0.0274156
-0.4 -1 0.8 0.0137078
-0.4 -1 0.8 0
-1 0.8 0.8 -0.0137078
-1 0.8 0.8 0
-1 0.2 0.8 0
-1 -0.4 0.8 0.0137078
-1 -0.4 0.8 0
