2.8 0.349999 1.4 -1.5708
2.8 0.349999 1.4 -2.35619
2.8 0.349999 1.4 3.14159
2.8 0.349999 1.4 2.35619
2.8 -1.19209e-06 1.4 -1.5708
2.8 -1.19209e-06 1.4 -2.35619
2.8 -1.19209e-06 1.4 3.14159
2.8 -1.19209e-06 1.4 2.35619
2.8 -1.19209e-06 1.4 1.5708
2.8 -0.350001 1.4 -2.35619
2.8 -0.350001 1.4 3.14159
2.8 -0.350001 1.4 2.35619
2.8 -0.350001 1.4 1.5708
2.45 0.349999 1.4 -0.785398
2.45 0.349999 1.4 -1.5708
2.45 0.349999 1.4 -2.35619
2.45 0.349999 1.4 3.14159
2.45 0.349999 1.4 2.35619
2.45 -1.19209e-06 1.4 -1.5708
2.45 -1.19209e-06 1.4 -2.35619
2.45 -1.19209e-06 1.4 3.14159
2.45 -1.19209e-06 1.4 2.35619
2.45 -1.19209e-06 1.4 1.5708
2.45 -0.350001 1.4 -2.35619
2.45 -0.350001 1.4 3.14159
2.45 -0.350001 1.4 2.35619
2.45 -0.350001 1.4 1.5708
2.45 -0.350001 1.4 0.785398
3.15 0.349999 1.05 -1.5708
3.15 0.349999 1.05 -2.35619
3.15 0.349999 1.05 3.14159
3.15 0.349999 1.05 2.35619
3.15 -1.19209e-06 1.05 -1.5708
3.15 -1.19209e-06 1.05 -2.35619
3.15 -1.19209e-06 1.05 3.14159
3.15 -1.19209e-06 1.05 2.35619
3.15 -1.19209e-06 1.05 1.5708
3.15 -0.350001 1.05 -2.35619
3.15 -0.350001 1.05 3.14159
3.15 -0.350001 1.05 2.35619
3.15 -0.350001 1.05 1.5708
2.8 0.699999 1.05 -1.5708
2.8 0.699999 1.05 -2.35619
2.8 0.699999 1.05 3.14159
2.8 0.699999 1.05 2.35619
2.8 -0.700001 1.05 -2.35619
2.8 -0.700001 1.05 3.14159
2.8 -0.700001 1.05 2.35619
2.8 -0.700001 1.05 1.5708
2.45 0.699999 1.05 -0.785398
2.45 0.699999 1.05 -1.5708
2.45 0.699999 1.05 -2.35619
2.45 0.699999 1.05 3.14159
2.45 0.699999 1.05 2.35619
2.45 -0.700001 1.05 -2.35619
2.45 -0.700001 1.05 3.14159
2.45 -0.700001 1.05 2.35619
2.45 -0.700001 1.05 1.5708
2.45 -0.700001 1.05 0.785398
2.1 0.699999 1.05 -0.785398
2.1 0.699999 1.05 -1.5708
2.1 0.699999 1.05 -2.35619
2.1 0.699999 1.05 3.14159
2.1 0.699999 1.05 0
2.1 0.349999 1.05 -0.785398
2.1 0.349999 1.05 -1.5708
2.1 0.349999 1.05 -2.35619
2.1 0.349999 1.05 3.14159
2.1 0.349999 1.05 2.35619
2.1 0.349999 1.05 1.5708
2.1 0.349999 1.05 0.785398
2.1 0.349999 1.05 0
2.1 -1.19209e-06 1.05 -0.785398
2.1 -1.19209e-06 1.05 -1.5708
2.1 -1.19209e-06 1.05 -2.35619
2.1 -1.19209e-06 1.05 3.14159
2.1 -1.19209e-06 1.05 2.35619
2.1 -1.19209e-06 1.05 1.5708
2.1 -1.19209e-06 1.05 0.785398
2.1 -1.19209e-06 1.05 0
2.1 -0.350001 1.05 -0.785398
2.1 -0.350001 1.05 -1.5708
2.1 -0.350001 1.05 -2.35619
2.1 -0.350001 1.05 3.14159
2.1 -0.350001 1.05 2.35619
2.1 -0.350001 1.05 1.5708
2.1 -0.350001 1.05 0.785398
2.1 -0.350001 1.05 0
2.1 -0.700001 1.05 3.14159
2.1 -0.700001 1.05 2.35619
2.1 -0.700001 1.05 1.5708
2.1 -0.700001 1.05 0.785398
2.1 -0.700001 1.05 0
1.75 0.349999 1.05 -0.785398
1.75 0.349999 1.05 -1.5708
1.75 0.349999 1.05 -2.35619
1.75 0.349999 1.05 3.14159
1.75 0.349999 1.05 1.5708
1.75 0.349999 1.05 0.785398
1.75 0.349999 1.05 0
1.75 -1.19209e-06 1.05 -0.785398
1.75 -1.19209e-06 1.05 -1.5708
1.75 -1.19209e-06 1.05 -2.35619
1.75 -1.19209e-06 1.05 3.14159
1.75 -1.19209e-06 1.05 2.35619
1.75 -1.19209e-06 1.05 1.5708
1.75 -1.19209e-06 1.05 0.785398
1.75 -1.19209e-06 1.05 0
1.75 -0.350001 1.05 -0.785398
1.75 -0.350001 1.05 -1.5708
1.75 -0.350001 1.05 3.14159
1.75 -0.350001 1.05 2.35619
1.75 -0.350001 1.05 1.5708
1.75 -0.350001 1.05 0.785398
1.75 -0.350001 1.05 0
1.4 0.349999 1.05 -0.785398
1.4 0.349999 1.05 -1.5708
1.4 0.349999 1.05 -2.35619
1.4 0.349999 1.05 3.14159
1.4 0.349999 1.05 0.785398
1.4 0.349999 1.05 0
1.4 -1.19209e-06 1.05 -0.785398
1.4 -1.19209e-06 1.05 -1.5708
1.4 -1.19209e-06 1.05 -2.35619
1.4 -1.19209e-06 1.05 3.14159
1.4 -1.19209e-06 1.05 2.35619
1.4 -1.19209e-06 1.05 1.5708
1.4 -1.19209e-06 1.05 0.785398
1.4 -1.19209e-06 1.05 0
1.4 -0.350001 1.05 -0.785398
1.4 -0.350001 1.05 -1.5708
1.4 -0.350001 1.05 3.14159
1.4 -0.350001 1.05 2.35619
1.4 -0.350001 1.05 1.5708
1.4 -0.350001 1.05 0.785398
1.4 -0.350001 1.05 0
1.05 0.349999 1.05 -0.785398
1.05 0.349999 1.05 -1.5708
1.05 0.349999 1.05 -2.35619
1.05 0.349999 1.05 3.14159
1.05 0.349999 1.05 0.785398
1.05 0.349999 1.05 0
1.05 -1.19209e-06 1.05 -0.785398
1.05 -1.19209e-06 1.05 -1.5708
1.05 -1.19209e-06 1.05 -2.35619
1.05 -1.19209e-06 1.05 3.14159
1.05 -1.19209e-06 1.05 2.35619
1.05 -1.19209e-06 1.05 1.5708
1.05 -1.19209e-06 1.05 0.785398
1.05 -1.19209e-06 1.05 0
1.05 -0.350001 1.05 -0.785398
1.05 -0.350001 1.05 3.14159
1.05 -0.350001 1.05 2.35619
1.05 -0.350001 1.05 1.5708
1.05 -0.350001 1.05 0.785398
1.05 -0.350001 1.05 0
0.699999 0.349999 1.05 -0.785398
0.699999 0.349999 1.05 -1.5708
0.699999 0.349999 1.05 -2.35619
0.699999 0.349999 1.05 3.14159
0.699999 0.349999 1.05 0.785398
0.699999 0.349999 1.05 0
0.699999 -1.19209e-06 1.05 -0.785398
0.699999 -1.19209e-06 1.05 3.14159
0.699999 -1.19209e-06 1.05 0.785398
0.699999 -1.19209e-06 1.05 0
0.699999 -0.350001 1.05 -0.785398
0.699999 -0.350001 1.05 3.14159
0.699999 -0.350001 1.05 2.35619
0.699999 -0.350001 1.05 1.5708
0.699999 -0.350001 1.05 0.785398
0.699999 -0.350001 1.05 0
0.349999 -1.19209e-06 1.05 -0.785398
0.349999 -1.19209e-06 1.05 0.785398
0.349999 -1.19209e-06 1.05 0
3.15 0.699999 0.7 -1.5708
3.15 0.699999 0.7 -2.35619
3.15 0.699999 0.7 3.14159
3.15 0.349999 0.7 -1.5708
3.15 0.349999 0.7 -2.35619
3.15 0.349999 0.7 3.14159
3.15 0.349999 0.7 2.35619
3.15 -1.19209e-06 0.7 -2.35619
3.15 -1.19209e-06 0.7 3.14159
3.15 -1.19209e-06 0.7 2.35619
3.15 -0.350001 0.7 -2.35619
3.15 -0.350001 0.7 3.14159
3.15 -0.350001 0.7 2.35619
3.15 -0.350001 0.7 1.5708
3.15 -0.700001 0.7 3.14159
3.15 -0.700001 0.7 2.35619
3.15 -0.700001 0.7 1.5708
2.8 1.05 0.7 -1.5708
2.8 1.05 0.7 -2.35619
2.8 1.05 0.7 3.14159
2.8 0.699999 0.7 -1.5708
2.8 0.699999 0.7 -2.35619
2.8 0.699999 0.7 3.14159
2.8 0.699999 0.7 2.35619
2.8 -0.700001 0.7 -2.35619
2.8 -0.700001 0.7 3.14159
2.8 -0.700001 0.7 2.35619
2.8 -0.700001 0.7 1.5708
2.8 -1.05 0.7 3.14159
2.8 -1.05 0.7 2.35619
2.8 -1.05 0.7 1.5708
2.45 1.4 0.7 -0.785398
2.45 1.4 0.7 -1.5708
2.45 1.4 0.7 -2.35619
2.45 1.05 0.7 -0.785398
2.45 1.05 0.7 -1.5708
2.45 1.05 0.7 -2.35619
2.45 1.05 0.7 3.14159
2.45 0.699999 0.7 -0.785398
2.45 0.699999 0.7 -1.5708
2.45 0.699999 0.7 -2.35619
2.45 0.699999 0.7 3.14159
2.45 -0.700001 0.7 3.14159
2.45 -0.700001 0.7 2.35619
2.45 -0.700001 0.7 1.5708
2.45 -0.700001 0.7 0.785398
2.45 -1.05 0.7 3.14159
2.45 -1.05 0.7 2.35619
2.45 -1.05 0.7 1.5708
2.45 -1.05 0.7 0.785398
2.45 -1.4 0.7 2.35619
2.45 -1.4 0.7 1.5708
2.45 -1.4 0.7 0.785398
2.1 1.4 0.7 -0.785398
2.1 1.4 0.7 -1.5708
2.1 1.4 0.7 -2.35619
2.1 -1.4 0.7 2.35619
2.1 -1.4 0.7 1.5708
2.1 -1.4 0.7 0.785398
1.75 1.4 0.7 -0.785398
1.75 1.4 0.7 -1.5708
1.75 1.4 0.7 -2.35619
1.75 -1.4 0.7 2.35619
1.75 -1.4 0.7 1.5708
1.75 -1.4 0.7 0.785398
1.4 1.05 0.7 -0.785398
1.4 1.05 0.7 -1.5708
1.4 1.05 0.7 -2.35619
1.4 1.05 0.7 0
1.4 0.699999 0.7 -0.785398
1.4 0.699999 0.7 -1.5708
1.4 0.699999 0.7 -2.35619
1.4 0.699999 0.7 3.14159
1.4 0.699999 0.7 0.785398
1.4 0.699999 0.7 0
1.4 -0.700001 0.7 -0.785398
1.4 -0.700001 0.7 3.14159
1.4 -0.700001 0.7 2.35619
1.4 -0.700001 0.7 1.5708
1.4 -0.700001 0.7 0.785398
1.4 -0.700001 0.7 0
1.4 -1.05 0.7 2.35619
1.4 -1.05 0.7 1.5708
1.4 -1.05 0.7 0.785398
1.4 -1.05 0.7 0
1.05 0.699999 0.7 -0.785398
1.05 0.699999 0.7 -1.5708
1.05 0.699999 0.7 -2.35619
1.05 0.699999 0.7 0
1.05 -0.700001 0.7 -0.785398
1.05 -0.700001 0.7 2.35619
1.05 -0.700001 0.7 1.5708
1.05 -0.700001 0.7 0.785398
1.05 -0.700001 0.7 0
0.699999 0.699999 0.7 -0.785398
0.699999 0.699999 0.7 -1.5708
0.699999 0.699999 0.7 -2.35619
0.699999 0.699999 0.7 0
0.699999 -0.700001 0.7 2.35619
0.699999 -0.700001 0.7 1.5708
0.699999 -0.700001 0.7 0.785398
0.699999 -0.700001 0.7 0
0.349999 0.349999 0.7 -0.785398
0.349999 0.349999 0.7 0.785398
0.349999 0.349999 0.7 0
0.349999 -0.350001 0.7 -0.785398
0.349999 -0.350001 0.7 0.785398
0.349999 -0.350001 0.7 0
-1.19209e-06 0.349999 0.7 -0.785398
-1.19209e-06 0.349999 0.7 0
-1.19209e-06 -0.350001 0.7 -0.785398
-1.19209e-06 -0.350001 0.7 0.785398
-1.19209e-06 -0.350001 0.7 0
-0.350001 0.349999 0.7 -0.785398
-0.350001 0.349999 0.7 0
-0.350001 -1.19209e-06 0.7 -0.785398
-0.350001 -1.19209e-06 0.7 0.785398
-0.350001 -1.19209e-06 0.7 0
-0.350001 -0.350001 0.7 0.785398
-0.350001 -0.350001 0.7 0
3.15 -1.19209e-06 0.35 3.14159
2.1 1.4 0.35 -1.5708
2.1 1.4 0.35 -2.35619
2.1 -1.4 0.35 2.35619
2.1 -1.4 0.35 1.5708
1.75 1.4 0.35 -1.5708
1.75 1.4 0.35 -2.35619
1.75 -1.4 0.35 2.35619
1.75