11 -2 7.5 -2.35619
11 -2 7.5 3.14159
11 -2 7.5 2.35619
11 -2 7.5 1.5708
9.5 -2 7.5 -2.35619
9.5 -2 7.5 3.14159
9.5 -2 7.5 2.35619
9.5 -2 7.5 1.5708
9.5 -2 7.5 0.785398
12.5 2.5 6 -1.5708
12.5 2.5 6 -2.35619
12.5 2.5 6 3.14159
12.5 2.5 6 2.35619
12.5 1 6 -1.5708
12.5 1 6 -2.35619
12.5 1 6 3.14159
12.5 1 6 2.35619
12.5 -0.5 6 -1.5708
12.5 -0.5 6 -2.35619
12.5 -0.5 6 3.14159
12.5 -0.5 6 2.35619
12.5 -0.5 6 1.5708
12.5 -2 6 -2.35619
12.5 -2 6 3.14159
12.5 -2 6 2.35619
12.5 -2 6 1.5708
12.5 -3.5 6 -2.35619
12.5 -3.5 6 3.14159
12.5 -3.5 6 2.35619
12.5 -3.5 6 1.5708
11 4 6 -1.5708
11 4 6 -2.35619
11 4 6 3.14159
11 4 6 2.35619
11 2.5 6 -0.785398
11 2.5 6 -1.5708
11 2.5 6 -2.35619
11 2.5 6 3.14159
11 2.5 6 2.35619
11 1 6 -1.5708
11 1 6 -2.35619
11 1 6 3.14159
11 1 6 2.35619
11 -0.5 6 -1.5708
11 -0.5 6 -2.35619
11 -0.5 6 3.14159
11 -0.5 6 2.35619
11 -0.5 6 1.5708
11 -2 6 -2.35619
11 -2 6 3.14159
11 -2 6 2.35619
11 -2 6 1.5708
11 -3.5 6 -2.35619
11 -3.5 6 3.14159
11 -3.5 6 2.35619
11 -3.5 6 1.5708
11 -5 6 -2.35619
11 -5 6 3.14159
11 -5 6 2.35619
11 -5 6 1.5708
11 -5 6 0.785398
9.5 4 6 -0.785398
9.5 4 6 -1.5708
9.5 4 6 -2.35619
9.5 4 6 3.14159
9.5 4 6 2.35619
9.5 2.5 6 -0.785398
9.5 2.5 6 -1.5708
9.5 2.5 6 -2.35619
9.5 2.5 6 3.14159
9.5 2.5 6 2.35619
9.5 2.5 6 0
9.5 1 6 -0.785398
9.5 1 6 -1.5708
9.5 1 6 -2.35619
9.5 1 6 3.14159
9.5 1 6 2.35619
9.5 1 6 1.5708
9.5 1 6 0.785398
9.5 1 6 0
9.5 -0.5 6 -0.785398
9.5 -0.5 6 -1.5708
9.5 -0.5 6 -2.35619
9.5 -0.5 6 3.14159
9.5 -0.5 6 2.35619
9.5 -0.5 6 1.5708
9.5 -0.5 6 0.785398
9.5 -2 6 -1.5708
9.5 -2 6 -2.35619
9.5 -2 6 3.14159
9.5 -2 6 2.35619
9.5 -2 6 1.5708
9.5 -2 6 0.785398
9.5 -2 6 0
9.5 -3.5 6 -2.35619
9.5 -3.5 6 3.14159
9.5 -3.5 6 2.35619
9.5 -3.5 6 1.5708
9.5 -3.5 6 0.785398
9.5 -5 6 3.14159
9.5 -5 6 2.35619
9.5 -5 6 1.5708
9.5 -5 6 0.785398
8 2.5 6 -0.785398
8 2.5 6 -1.5708
8 2.5 6 -2.35619
8 2.5 6 3.14159
8 2.5 6 2.35619
8 2.5 6 0
8 1 6 -0.785398
8 1 6 -1.5708
8 1 6 -2.35619
8 1 6 3.14159
8 1 6 2.35619
8 1 6 1.5708
8 1 6 0.785398
8 1 6 0
8 -0.5 6 -0.785398
8 -0.5 6 -1.5708
8 -0.5 6 -2.35619
8 -0.5 6 3.14159
8 -0.5 6 2.35619
8 -0.5 6 1.5708
8 -0.5 6 0.785398
8 -0.5 6 0
8 -2 6 -0.785398
8 -2 6 -1.5708
8 -2 6 -2.35619
8 -2 6 3.14159
8 -2 6 2.35619
8 -2 6 1.5708
8 -2 6 0.785398
8 -2 6 0
8 -3.5 6 3.14159
8 -3.5 6 2.35619
8 -3.5 6 1.5708
8 -3.5 6 0.785398
8 -3.5 6 0
6.5 -0.5 6 -0.785398
6.5 -0.5 6 -1.5708
6.5 -0.5 6 -2.35619
6.5 -0.5 6 3.14159
6.5 -0.5 6 2.35619
6.5 -0.5 6 1.5708
6.5 -0.5 6 0.785398
6.5 -0.5 6 0
5 1 6 -0.785398
5 1 6 -1.5708
5 1 6 -2.35619
5 1 6 3.14159
5 1 6 1.5708
5 1 6 0.785398
5 1 6 0
5 -0.5 6 -0.785398
5 -0.5 6 -1.5708
5 -0.5 6 -2.35619
5 -0.5 6 3.14159
5 -0.5 6 2.35619
5 -0.5 6 1.5708
5 -0.5 6 0.785398
5 -0.5 6 0
3.5 1 6 -0.785398
3.5 1 6 -1.5708
3.5 1 6 -2.35619
3.5 1 6 3.14159
3.5 1 6 1.5708
3.5 1 6 0.785398
3.5 1 6 0
3.5 -0.5 6 -0.785398
3.5 -0.5 6 -1.5708
3.5 -0.5 6 -2.35619
3.5 -0.5 6 3.14159
3.5 -0.5 6 2.35619
3.5 -0.5 6 1.5708
3.5 -0.5 6 0.785398
3.5 -0.5 6 0
2 1 6 -0.785398
2 1 6 -1.5708
2 1 6 -2.35619
2 1 6 3.14159
2 1 6 0.785398
2 1 6 0
2 -0.5 6 -0.785398
2 -0.5 6 3.14159
2 -0.5 6 2.35619
2 -0.5 6 1.5708
2 -0.5 6 0.785398
2 -0.5 6 0
2 -2 6 -0.785398
2 -2 6 3.14159
2 -2 6 2.35619
2 -2 6 1.5708
2 -2 6 0.785398
2 -2 6 0
0.5 1 6 -0.785398
0.5 1 6 -1.5708
0.5 1 6 -2.35619
0.5 1 6 3.14159
0.5 1 6 0.785398
0.5 1 6 0
0.5 -0.5 6 -0.785398
0.5 -0.5 6 3.14159
0.5 -0.5 6 2.35619
0.5 -0.5 6 0.785398
0.5 -0.5 6 0
0.5 -2 6 -0.785398
0.5 -2 6 3.14159
0.5 -2 6 2.35619
0.5 -2 6 1.5708
0.5 -2 6 0.785398
0.5 -2 6 0
-1 1 6 -0.785398
-1 1 6 -1.5708
-1 1 6 0.785398
-1 1 6 0
-1 -0.5 6 -0.785398
-1 -0.5 6 0.785398
-1 -0.5 6 0
-1 -2 6 -0.785398
-1 -2 6 2.35619
-1 -2 6 1.5708
-1 -2 6 0.785398
-1 -2 6 0
-2.5 -0.5 6 -0.785398
-2.5 -0.5 6 0.785398
-2.5 -0.5 6 0
12.5 4 4.5 -1.5708
12.5 4 4.5 -2.35619
12.5 4 4.5 3.14159
12.5 2.5 4.5 -1.5708
12.5 2.5 4.5 -2.35619
12.5 2.5 4.5 3.14159
12.5 2.5 4.5 2.35619
12.5 1 4.5 -1.5708
12.5 1 4.5 -2.35619
12.5 1 4.5 3.14159
12.5 1 4.5 2.35619
12.5 -0.5 4.5 -1.5708
12.5 -0.5 4.5 -2.35619
12.5 -0.5 4.5 3.14159
12.5 -0.5 4.5 2.35619
12.5 -0.5 4.5 1.5708
12.5 -2 4.5 -2.35619
12.5 -2 4.5 3.14159
12.5 -2 4.5 2.35619
12.5 -2 4.5 1.5708
12.5 -3.5 4.5 -2.35619
12.5 -3.5 4.5 3.14159
12.5 -3.5 4.5 2.35619
12.5 -3.5 4.5 1.5708
12.5 -5 4.5 3.14159
12.5 -5 4.5 2.35619
12.5 -5 4.5 1.5708
11 4 4.5 -0.785398
11 4 4.5 -1.5708
11 4 4.5 -2.35619
11 4 4.5 3.14159
11 4 4.5 2.35619
11 -0.5 4.5 -0.785398
11 -0.5 4.5 -1.5708
11 -0.5 4.5 -2.35619
11 -0.5 4.5 3.14159
11 -0.5 4.5 2.35619
11 -0.5 4.5 1.5708
11 -0.5 4.5 0.785398
11 -3.5 4.5 -2.35619
11 -3.5 4.5 3.14159
11 -3.5 4.5 2.35619
11 -3.5 4.5 1.5708
11 -3.5 4.5 0.785398
11 -5 4.5 3.14159
11 -5 4.5 2.35619
11 -5 4.5 1.5708
9.5 5.5 4.5 -0.785398
9.5 5.5 4.5 -1.5708
9.5 5.5 4.5 -2.35619
9.5 5.5 4.5 3.14159
9.5 4 4.5 -0.785398
9.5 4 4.5 -1.5708
9.5 4 4.5 -2.35619
9.5 4 4.5 3.14159
9.5 4 4.5 2.35619
9.5 4 4.5 0
9.5 -0.5 4.5 -0.785398
9.5 -0.5 4.5 -1.5708
9.5 -0.5 4.5 -2.35619
9.5 -0.5 4.5 3.14159
9.5 -0.5 4.5 2.35619
9.5 -0.5 4.5 1.5708
9.5 -0.5 4.5 0.785398
9.5 -0.5 4.5 0
9.5 -3.5 4.5 -2.35619
9.5 -3.5 4.5 3.14159
9.5 -3.5 4.5 2.35619
9.5 -3.5 4.5 1.5708
9.5 -3.5 4.5 0.785398
9.5 -3.5 4.5 0
9.5 -5 4.5 -2.35619
9.5 -5 4.5 3.14159
9.5 -5 4.5 2.35619
9.5 -5 4.5 1.5708
9.5 -5 4.5 0.785398
9.5 -6.5 4.5 3.14159
9.5 -6.5 4.5 2.35619
9.5 -6.5 4.5 1.5708
9.5 -6.5 4.5 0.785398
8 7 4.5 -0.785398
8 7 4.5 -1.5708
8 7 4.5 -2.35619
8 5.5 4.5 -0.785398
8 5.5 4.5 -1.5708
8 5.5 4.5 -2.35619
8 5.5 4.5 3.14159
8 4 4.5 -0.785398
8 4 4.5 -1.5708
8 4 4.5 -2.35619
8 4 4.5 3.14159
8 4 4.5 2.35619
8 4 4.5 0
8 2.5 4.5 -0.785398
8 2.5 4.5 -1.5708
8 2.5 4.5 -2.35619
8 2.5 4.5 3.14159
8 2.5 4.5 2.35619
8 2.5 4.5 1.5708
8 2.5 4.5 0.785398
8 2.5 4.5 0
8 1 4.5 -0.785398
8 1 4.5 -1.5708
8 1 4.5 -2.35619
8 1 4.5 3.14159
8 1 4.5 2.35619
8 1 4.5 1.5708
8 1 4.5 0.785398
8 1 4.5 0
8 -0.5 4.5 -0.785398
8 -0.5 4.5 -1.5708
8 -0.5 4.5 -2.35619
8 -0.5 4.5 3.14159
8 -0.5 4.5 2.35619
8 -0.5 4.5 1.5708
8 -0.5 4.5 0.785398
8 -0.5 4.5 0
8 -2 4.5 -0.785398
8 -2 4.5 -1.5708
8 -2 4.5 -2.35619
8 -2 4.5 3.14159
8 -2 4.5 2.35619
8 -2 4.5 1.5708
8 -2 4.5 0.785398
8 -2 4.5 0
8 -3.5 4.5 -1.5708
8 -3.5 4.5 -2.35619
8 -3.5 4.5 3.14159
8 -3.5 4.5 2.35619
8 -3.5 4.5 1.5708
8 -3.5 4.5 0.785398
8 -3.5 4.5 0
8 -5 4.5 -2.35619
8 -5 4.5 3.14159
8 -5 4.5 2.35619
8 -5 4.5 1.5708
8 -5 4.5 0.785398
8 -5 4.5 0
8 -6.5 4.5 3.14159
8 -6.5 4.5 2.35619
8 -6.5 4.5 1.5708
8 -6.5 4.5 0.785398
6.5 7 4.5 -0.785398
6.5 7 4.5 -1.5708
6.5 7 4.5 -2.35619
6.5 5.5 4.5 -0.785398
6.5 5.5 4.5 -1.5708
6.5 5.5 4.5 -2.35619
6.5 5.5 4.5 0
6.5 4 4.5 -0.785398
6.5 4 4.5 -1.5708
6.5 4 4.5 -2.35619
6.5 4 4.5 3.14159
6.5 4 4.5 0
6.5 2.5 4.5 -0.785398
6.5 2.5 4.5 -1.5708
6.5 2.5 4.5 -2.35619
6.5 2.5 4.5 3.14159
6.5 2.5 4.5 2.35619
6.5 2.5 4.5 1.5708
6.5 2.5 4.5 0.785398
6.5 2.5 4.5 0
6.5 1 4.5 -0.785398
6.5 1 4.5 -1.5708
6.5 1 4.5 -2.35619
6.5 1 4.5 3.14159
6.5 1 4.5 2.35619
6.5 1 4.5 1.5708
6.5 1 4.5 0.785398
6.5 1 4.5 0
6.5 -0.5 4.5 -0.785398
6.5 -0.5 4.5 -1.5708
6.5 -0.5 4.5 -2.35619
6.5 -0.5 4.5 3.14159
6.5 -0.5 4.5 2.35619
6.5 -0.5 4.5 1.5708
6.5 -0.5 4.5 0.785398
6.5 -0.5 4.5 0
6.5 -2 4.5 -0.785398
6.5 -2 4.5 -1.5708
6.5 -2 4.5 -2.35619
6.5 -2 4.5 3.14159
6.5 -2 4.5 2.35619
6.5 -2 4.5 1.5708
6.5 -2 4.5 0.785398
6.5 -2 4.5 0
6.5 -3.5 4.5 -0.785398
6.5 -3.5 4.5 -1.5708
6.5 -3.5 4.5 -2.35619
6.5 -3.5 4.5 3.14159
6.5 -3.5 4.5 2.35619
6.5 -3.5 4.5 1.5708
6.5 -3.5 4.5 0.785398
6.5 -3.5 4.5 0
6.5 -5 4.5 3.14159
6.5 -5 4.5 2.35619
6.5 -5 4.5 1.5708
6.5 -5 4.5 0.785398
6.5 -5 4.5 0
6.5 -6.5 4.5 2.35619
6.5 -6.5 4.5 1.5708
6.5 -6.5 4.5 0.785398
5 5.5 4.5 -0.785398
5 5.5 4.5 -1.5708
5 5.5 4.5 -2.35619
5 5.5 4.5 0
5 4 4.5 -0.785398
5 4 4.5 -1.5708
5 4 4.5 -2.35619
5 4 4.5 0.785398
5 4 4.5 0
5 2.5 4.5 -0.785398
5 2.5 4.5 -1.5708
5 2.5 4.5 -2.35619
5 2.5 4.5 3.14159
5 2.5 4.5 1.5708
5 2.5 4.5 0.785398
5 2.5 4.5 0
5 1 4.5 -0.785398
5 1 4.5 -1.5708
5 1 4.5 -2.35619
5 1 4.5 3.14159
5 1 4.5 2.35619
5 1 4.5 1.5708
5 1 4.5 0.785398
5 1 4.5 0
5 -0.5 4.5 -0.785398
5 -0.5 4.5 -1.5708
5 -0.5 4.5 -2.35619
5 -0.5 4.5 3.14159
5 -0.5 4.5 2.35619
5 -0.5 4.5 1.5708
5 -0.5 4.5 0.785398
5 -0.5 4.5 0
5 -2 4.5 -0.785398
5 -2 4.5 -1.5708
5 -2 4.5 3.14159
5 -2 4.5 2.35619