15.5 2.5 7.5 -1.5708
15.5 2.5 7.5 -2.35619
15.5 2.5 7.5 3.14159
15.5 2.5 7.5 2.35619
15.5 1 7.5 -1.5708
15.5 1 7.5 -2.35619
15.5 1 7.5 3.14159
15.5 1 7.5 2.35619
15.5 -0.5 7.5 -2.35619
15.5 -0.5 7.5 3.14159
15.5 -0.5 7.5 2.35619
15.5 -0.5 7.5 1.5708
15.5 -2 7.5 -2.35619
15.5 -2 7.5 3.14159
15.5 -2 7.5 2.35619
15.5 -2 7.5 1.5708
15.5 -3.5 7.5 -2.35619
15.5 -3.5 7.5 3.14159
15.5 -3.5 7.5 2.35619
15.5 -3.5 7.5 1.5708
14 4 7.5 -0.785398
14 4 7.5 -1.5708
14 4 7.5 -2.35619
14 4 7.5 3.14159
14 2.5 7.5 -0.785398
14 2.5 7.5 -1.5708
14 2.5 7.5 -2.35619
14 2.5 7.5 3.14159
14 2.5 7.5 2.35619
14 1 7.5 -0.785398
14 1 7.5 -1.5708
14 1 7.5 -2.35619
14 1 7.5 3.14159
14 1 7.5 2.35619
14 1 7.5 1.5708
14 -0.5 7.5 -1.5708
14 -0.5 7.5 -2.35619
14 -0.5 7.5 3.14159
14 -0.5 7.5 2.35619
14 -0.5 7.5 1.5708
14 -0.5 7.5 0.785398
14 -2 7.5 -2.35619
14 -2 7.5 3.14159
14 -2 7.5 2.35619
14 -2 7.5 1.5708
14 -2 7.5 0.785398
14 -3.5 7.5 3.14159
14 -3.5 7.5 2.35619
14 -3.5 7.5 1.5708
14 -3.5 7.5 0.785398
12.5 4 7.5 -0.785398
12.5 4 7.5 -1.5708
12.5 4 7.5 -2.35619
12.5 4 7.5 3.14159
12.5 2.5 7.5 -0.785398
12.5 2.5 7.5 -1.5708
12.5 2.5 7.5 -2.35619
12.5 2.5 7.5 3.14159
12.5 1 7.5 -0.785398
12.5 1 7.5 -1.5708
12.5 1 7.5 -2.35619
12.5 1 7.5 3.14159
12.5 1 7.5 2.35619
12.5 1 7.5 1.5708
12.5 1 7.5 0.785398
12.5 -0.5 7.5 -0.785398
12.5 -0.5 7.5 -1.5708
12.5 -0.5 7.5 -2.35619
12.5 -0.5 7.5 3.14159
12.5 -0.5 7.5 2.35619
12.5 -0.5 7.5 1.5708
12.5 -0.5 7.5 0.785398
12.5 -2 7.5 3.14159
12.5 -2 7.5 2.35619
12.5 -2 7.5 1.5708
12.5 -2 7.5 0.785398
12.5 -3.5 7.5 3.14159
12.5 -3.5 7.5 2.35619
12.5 -3.5 7.5 1.5708
12.5 -3.5 7.5 0.785398
11 4 7.5 -0.785398
11 4 7.5 -1.5708
11 4 7.5 -2.35619
11 4 7.5 3.14159
11 4 7.5 0
11 2.5 7.5 -0.785398
11 2.5 7.5 -1.5708
11 2.5 7.5 -2.35619
11 2.5 7.5 3.14159
11 2.5 7.5 0
11 1 7.5 -0.785398
11 1 7.5 -1.5708
11 1 7.5 -2.35619
11 1 7.5 3.14159
11 1 7.5 2.35619
11 1 7.5 1.5708
11 1 7.5 0.785398
11 1 7.5 0
11 -0.5 7.5 -0.785398
11 -0.5 7.5 -1.5708
11 -0.5 7.5 -2.35619
11 -0.5 7.5 3.14159
11 -0.5 7.5 2.35619
11 -0.5 7.5 1.5708
11 -0.5 7.5 0.785398
11 -0.5 7.5 0
11 -2 7.5 3.14159
11 -2 7.5 2.35619
11 -2 7.5 1.5708
11 -2 7.5 0.785398
11 -2 7.5 0
11 -3.5 7.5 3.14159
11 -3.5 7.5 2.35619
11 -3.5 7.5 1.5708
11 -3.5 7.5 0.785398
11 -3.5 7.5 0
9.5 2.5 7.5 -0.785398
9.5 2.5 7.5 -1.5708
9.5 2.5 7.5 -2.35619
9.5 2.5 7.5 3.14159
9.5 2.5 7.5 0.785398
9.5 2.5 7.5 0
9.5 1 7.5 -0.785398
9.5 1 7.5 -1.5708
9.5 1 7.5 -2.35619
9.5 1 7.5 3.14159
9.5 1 7.5 1.5708
9.5 1 7.5 0.785398
9.5 1 7.5 0
9.5 -0.5 7.5 -0.785398
9.5 -0.5 7.5 -1.5708
9.5 -0.5 7.5 -2.35619
9.5 -0.5 7.5 3.14159
9.5 -0.5 7.5 2.35619
9.5 -0.5 7.5 1.5708
9.5 -0.5 7.5 0.785398
9.5 -0.5 7.5 0
9.5 -2 7.5 -0.785398
9.5 -2 7.5 3.14159
9.5 -2 7.5 2.35619
9.5 -2 7.5 1.5708
9.5 -2 7.5 0.785398
9.5 -2 7.5 0
17 2.5 6 -1.5708
17 2.5 6 -2.35619
17 2.5 6 3.14159
17 2.5 6 2.35619
17 1 6 -1.5708
17 1 6 -2.35619
17 1 6 3.14159
17 1 6 2.35619
17 -0.5 6 -1.5708
17 -0.5 6 -2.35619
17 -0.5 6 3.14159
17 -0.5 6 2.35619
17 -0.5 6 1.5708
17 -2 6 -2.35619
17 -2 6 3.14159
17 -2 6 2.35619
17 -2 6 1.5708
17 -3.5 6 -2.35619
17 -3.5 6 3.14159
17 -3.5 6 2.35619
17 -3.5 6 1.5708
15.5 4 6 -1.5708
15.5 4 6 -2.35619
15.5 4 6 3.14159
15.5 4 6 2.35619
15.5 2.5 6 -1.5708
15.5 2.5 6 -2.35619
15.5 2.5 6 3.14159
15.5 2.5 6 2.35619
15.5 1 6 -1.5708
15.5 1 6 -2.35619
15.5 1 6 3.14159
15.5 1 6 2.35619
15.5 -0.5 6 -1.5708
15.5 -0.5 6 -2.35619
15.5 -0.5 6 3.14159
15.5 -0.5 6 2.35619
15.5 -0.5 6 1.5708
15.5 -2 6 -2.35619
15.5 -2 6 3.14159
15.5 -2 6 2.35619
15.5 -2 6 1.5708
15.5 -3.5 6 -2.35619
15.5 -3.5 6 3.14159
15.5 -3.5 6 2.35619
15.5 -3.5 6 1.5708
15.5 -5 6 3.14159
15.5 -5 6 2.35619
15.5 -5 6 1.5708
14 4 6 -0.785398
14 4 6 -1.5708
14 4 6 -2.35619
14 4 6 3.14159
14 4 6 2.35619
14 -3.5 6 -2.35619
14 -3.5 6 3.14159
14 -3.5 6 2.35619
14 -3.5 6 1.5708
14 -3.5 6 0.785398
14 -5 6 3.14159
14 -5 6 2.35619
14 -5 6 1.5708
14 -5 6 0.785398
12.5 4 6 -0.785398
12.5 4 6 -1.5708
12.5 4 6 -2.35619
12.5 4 6 3.14159
12.5 4 6 0
12.5 -3.5 6 -2.35619
12.5 -3.5 6 3.14159
12.5 -3.5 6 2.35619
12.5 -3.5 6 1.5708
12.5 -3.5 6 0.785398
12.5 -3.5 6 0
12.5 -5 6 3.14159
12.5 -5 6 2.35619
12.5 -5 6 1.5708
12.5 -5 6 0.785398
11 4 6 -0.785398
11 4 6 -1.5708
11 4 6 -2.35619
11 4 6 3.14159
11 4 6 0
11 -3.5 6 3.14159
11 -3.5 6 2.35619
11 -3.5 6 1.5708
11 -3.5 6 0.785398
11 -3.5 6 0
11 -5 6 2.35619
11 -5 6 1.5708
11 -5 6 0.785398
11 -5 6 0
9.5 4 6 -0.785398
9.5 4 6 -1.5708
9.5 4 6 -2.35619
9.5 4 6 3.14159
9.5 4 6 0
9.5 2.5 6 -0.785398
9.5 2.5 6 -1.5708
9.5 2.5 6 -2.35619
9.5 2.5 6 3.14159
9.5 2.5 6 0.785398
9.5 2.5 6 0
9.5 1 6 -0.785398
9.5 1 6 -1.5708
9.5 1 6 -2.35619
9.5 1 6 3.14159
9.5 1 6 2.35619
9.5 1 6 1.5708
9.5 1 6 0.785398
9.5 1 6 0
9.5 -0.5 6 -0.785398
9.5 -0.5 6 -1.5708
9.5 -0.5 6 -2.35619
9.5 -0.5 6 3.14159
9.5 -0.5 6 2.35619
9.5 -0.5 6 1.5708
9.5 -0.5 6 0.785398
9.5 -0.5 6 0
9.5 -2 6 -0.785398
9.5 -2 6 -1.5708
9.5 -2 6 3.14159
9.5 -2 6 2.35619
9.5 -2 6 1.5708
9.5 -2 6 0.785398
9.5 -2 6 0
9.5 -3.5 6 3.14159
9.5 -3.5 6 2.35619
9.5 -3.5 6 1.5708
9.5 -3.5 6 0.785398
9.5 -3.5 6 0
8 1 6 -0.785398
8 1 6 -1.5708
8 1 6 -2.35619
8 1 6 3.14159
8 1 6 2.35619
8 1 6 1.5708
8 1 6 0.785398
8 1 6 0
8 -0.5 6 -0.785398
8 -0.5 6 -1.5708
8 -0.5 6 -2.35619
8 -0.5 6 3.14159
8 -0.5 6 2.35619
8 -0.5 6 1.5708
8 -0.5 6 0.785398
8 -0.5 6 0
6.5 1 6 -0.785398
6.5 1 6 -1.5708
6.5 1 6 -2.35619
6.5 1 6 3.14159
6.5 1 6 0.785398
6.5 1 6 0
6.5 -0.5 6 -0.785398
6.5 -0.5 6 -1.5708
6.5 -0.5 6 3.14159
6.5 -0.5 6 2.35619
6.5 -0.5 6 1.5708
6.5 -0.5 6 0.785398
6.5 -0.5 6 0
5 1 6 -0.785398
5 1 6 -2.35619
5 1 6 3.14159
5 1 6 0.785398
5 1 6 0
5 -0.5 6 -0.785398
5 -0.5 6 3.14159
5 -0.5 6 2.35619
5 -0.5 6 0.785398
5 -0.5 6 0
3.5 1 6 -0.785398
3.5 1 6 -2.35619
3.5 1 6 3.14159
3.5 1 6 0.785398
3.5 1 6 0
3.5 -0.5 6 -0.785398
3.5 -0.5 6 3.14159
3.5 -0.5 6 0.785398
3.5 -0.5 6 0
2 1 6 -0.785398
2 1 6 0.785398
2 1 6 0
2 -0.5 6 -0.785398
2 -0.5 6 0.785398
2 -0.5 6 0
17 4 4.5 -1.5708
17 4 4.5 -2.35619
17 4 4.5 3.14159
17 2.5 4.5 -1.5708
17 2.5 4.5 -2.35619
17 2.5 4.5 3.14159
17 2.5 4.5 2.35619
17 1 4.5 -1.5708
17 1 4.5 -2.35619
17 1 4.5 3.14159
17 1 4.5 2.35619
17 -0.5 4.5 -2.35619
17 -0.5 4.5 3.14159
17 -0.5 4.5 2.35619
17 -0.5 4.5 1.5708
17 -2 4.5 -2.35619
17 -2 4.5 3.14159
17 -2 4.5 2.35619
17 -2 4.5 1.5708
17 -3.5 4.5 -2.35619
17 -3.5 4.5 3.14159
17 -3.5 4.5 2.35619
17 -3.5 4.5 1.5708
15.5 5.5 4.5 -1.5708
15.5 5.5 4.5 -2.35619
15.5 5.5 4.5 3.14159
15.5 4 4.5 -1.5708
15.5 4 4.5 -2.35619
15.5 4 4.5 3.14159
15.5 4 4.5 2.35619
15.5 -3.5 4.5 -2.35619
15.5 -3.5 4.5 3.14159
15.5 -3.5 4.5 2.35619
15.5 -3.5 4.5 1.5708
15.5 -5 4.5 3.14159
15.5 -5 4.5 2.35619
15.5 -5 4.5 1.5708
14 5.5 4.5 -0.785398
14 5.5 4.5 -1.5708
14 5.5 4.5 -2.35619
14 5.5 4.5 3.14159
14 4 4.5 -0.785398
14 4 4.5 -1.5708
14 4 4.5 -2.35619
14 4 4.5 3.14159
14 4 4.5 2.35619
14 -5 4.5 3.14159
14 -5 4.5 2.35619
14 -5 4.5 1.5708
14 -5 4.5 0.785398
12.5 7 4.5 -0.785398
12.5 7 4.5 -1.5708
12.5 7 4.5 -2.35619
12.5 5.5 4.5 -0.785398
12.5 5.5 4.5 -1.5708
12.5 5.5 4.5 -2.35619
12.5 5.5 4.5 3.14159
12.5 4 4.5 -0.785398
12.5 4 4.5 -1.5708
12.5 4 4.5 -2.35619
12.5 4 4.5 3.14159
12.5 4 4.5 2.35619
12.5 4 4.5 0
12.5 -5 4.5 3.14159
12.5 -5 4.5 2.35619
12.5 -5 4.5 1.5708
12.5 -5 4.5 0.785398
12.5 -6.5 4.5 3.14159
12.5 -6.5 4.5 2.35619
12.5 -6.5 4.5 1.5708
12.5 -6.5 4.5 0.785398
11 7 4.5 -0.785398
11 7 4.5 -1.5708
11 7 4.5 -2.35619
11 5.5 4.5 -0.785398
11 5.5 4.5 -1.5708
11 5.5 4.5 -2.35619
11 5.5 4.5 0
11 4 4.5 -0.785398
11 4 4.5 -1.5708
11 4 4.5 -2.35619
11 4 4.5 3.14159
11 4 4.5 0
11 -3.5 4.5 -1.5708
11 -3.5 4.5 -2.35619
11 -3.5 4.5 3.14159
11 -3.5 4.5 2.35619
11 -3.5 4.5 1.5708
11 -3.5 4.5 0.785398
11 -3.5 4.5 0
11 -5 4.5 3.14159
11 -5 4.5 2.35619
11 -5 4.5 1.5708
11 -5 4.5 0.785398
11 -5 4.5 0
11 -6.5 4.5 2.35619
11 -6.5 4.5 1.5708
11 -6.5 4.5 0.785398
9.5 7 4.5 -0.785398
9.5 7 4.5 -1.5708
9.5 7 4.5 -2.35619
9.5 5.5 4.5 -0.785398
9.5 5.5 4.5 -1.5708
9.5 5.5 4.5 -2.35619
9.5 5.5 4.5 0
9.5 4 4.5 -0.785398
9.5 4 4.5 -1.5708
9.5 4 4.5 -2.35619
9.5 4 4.5 3.14159
9.5 4 4.5 0.785398
9.5 4 4.5 0
9.5 2.5 4.5 -0.785398
9.5 2.5 4.5 -1.5708
9.5 2.5 4.5 -2.35619
9.5 2.5 4.5 3.14159
9.5 2.5 4.5 1.5708
9.5 2.5 4.5 0.785398
9.5 2.5 4.5 0
9.5 1 4.5 -0.785398
9.5 1 4.5 -1.5708
9.5 1 4.5 -2.35619
9.5 1 4.5 3.14159
9.5 1 4.5 2.35619
9.5 1 4.5 1.5708
9.5 1 4.5 0.785398
9.5 1 4.5 0
9.5 -0.5 4.5 -0.785398
9.5 -0.5 4.5 -1.5708
9.5 -0.5 4.5 -2.35619
9.5 -0.5 4.5 3.14159
9.5 -0.5 4.5 2.35619
9.5 -0.5 4.5 1.5708
9.5 -0.5 4.5 0.785398
9.5 -0.5 4.5 0
9.5 -2 4.5 -0.785398
9.5 -2 4.5 -1.5708
9.5 -2 4.5 3.14159
9.5 -2 4.5 2.35619
9.5 -2 4.5 1.5708
9.5 -2 4.5 0.785398
9.5 -2 4.5 0
9.5 -3.5 4.5 -0.785398
9.5 -3.5 4.5 -1.5708
9.5 -3.5 4.5 3.14159
9.5 -3.5 4.5 2.35619
9.5 -3.5 4.5 1.5708
9.5 -3.5 4.5 0.785398
9.5 -3.5 4.5 0
9.5 -5 4.5 2.35619
9.5 -5 4.5 1.5708
9.5 -5 4.5 0.785398
9.5 -5 4.5 0
9.5 -6.5 4.5 2.35619
9.5 -6.5 4.5 1.5708
9.5 -6.5 4.5 0.785398
9.5 -6.5 4.5 0
8 5.5 4.5 -0.785398
8 5.5 4.5 -1.5708
8 5.5 4.5 -2.35619
8 5.5 4.5 0
8 4 4.5 -0.785398
8 4 4.5 -1.5708
8 4 4.5 -2.35619
8 4 4.5 0.785398
8 4 4.5 0
8 2.5 4.5 -0.785398
8 2.5 4.5 -1.5708
8 2.5 4.5 -2.35619
8 2.5 4.5 3.14159
8 2.5 4.5 0.785398
8 2.5 4.5 0
8 1 4.5 -0.785398
8 1 4.5 -1.5708
8 1 4.5 -2.35619
8 1 4.5 3.14159
8 1 4.5 2.35619
8 1 4.5 1.5708
8 1 4.5 0.785398
8 1 4.5 0
8 -0.5 4.5 -0.785398
8 -0.5 4.5 -1.5708
8 -0.5 4.5 -2.35619
8 -0.5 4.5 3.14159
8 -0.5 4.5 2.35619
8 -0.5 4.5 1.5708
8 -0.5 4.5 0.785398
8 -0.5 4.5 0
8 -2 4.5 -0.785398
8 -2 4.5 -1.5708
8 -2 4.5 3.14159
8 -2 4.5 2.35619
8 -2 4.5 1.5708
8 -2 4.5 0.785398
8 -2 4.5 0
8 -3.5 4.5 -0.785398
8 -3.5 4.5 3.14159
8 -3.5 4.5 2.35619
8 -3.5 4.5 1.5708
8 -3.5 4.5 0.785398
8 -3.5 4.5 0
8 -5 4.5 2.35619
8 -5 4.5 1.5708
8 -5 4.5 0.785398
8 -5 4.5 0
6.5 2.5 4.5 -0.785398
6.5 2.5 4.5 -1.5708
6.5 2.5 4.5 -2.35619
6.5 2.5 4.5 3.14159
6.5 2.5 4.5 0.785398
6.5 2.5 4.5 0
6.5 1 4.5 -0.785398
6.5 1 4.5 -1.5708
6.5 1 4.5 -2.35619
6.5 1 4.5 3.14159
6.5 1 4.5 2.35619
6.5 1 4.5 0.785398
6.5 1 4.5 0
6.5 -0.5 4.5 -0.785398
6.5 -0.5 4.5 -2.35619
6.5 -0.5 4.5 3.14159
6.5 -0.5 4.5 2.35619
6.5 -0.5 4.5 1.5708
6.5 -0.5 4.5 0.785398
6.5 -0.5 4.5 0
6.5 -2 4.5 -0.785398
6.5 -2 4.5 3.14159
6.5 -2 4.5 2.35619
6.5 -2 4.5 1.5708
6.5 -2 4.5 0.785398
6.5 -2 4.5 0
6.5 -3.5 4.5 -0.785398
6.5 -3.5 4.5 3.14159
6.5 -3.5 4.5 2.35619
6.5 -3.5 4.5 1.5708
6.5 -3.5 4.5 0.785398
6.5 -3.5 4.5 0
5 2.5 4.5 -0.785398
5 2.5 4.5 -1.5708
5 2.5 4.5 -2.35619
5 2.5 4.5 3.14159
5 2.5 4.5 0.785398
5 2.5 4.5 0
5 1 4.5 -0.785398
5 1 4.5 -1.5708
5 1 4.5 -2.35619
5 1 4.5 3.14159
5 1 4.5 0.785398
5 1 4.5 0
5 -0.5 4.5 -0.785398
5 -0.5 4.5 3.14159
5 -0.5 4.5 2.35619
5 -0.5 4.5 1.5708
5 -0.5 4.5 0.785398
5 -0.5 4.5 0
5 -2 4.5 -0.785398
5 -2 4.5 3.14159
5 -2 4.5 2.35619
5 -2 4.5 1.5708
5 -2 4.5 0.785398
5 -2 4.5 0
5 -3.5 4.5 -0.785398
5 -3.5 4.5 2.35619
5 -3.5 4.5 1.5708
5 -3.5 4.5 0.785398
5 -3.5 4.5 0
3.5 2.5 4.5 -0.785398
3.5 2.5 4.5 -1.5708
3.5 2.5 4.5 -2.35619
3.5 2.5 4.5 0.785398
3.5 2.5 4.5 0
3.5 1 4.5 -0.785398
3.5 1 4.5 -1.5708
3.5 1 4.5 -2.35619
3.5 1 4.5 3.14159
3.5 1 4.5 0.785398
3.5 1 4.5 0
3.5 -0.5 4.5 -0.785398
3.5 -0.5 4.5 3.14159
3.5 -0.5 4.5 2.35619
3.5 -0.5 4.5 1.5708
3.5 -0.5 4.5 0.785398
3.5 -0.5 4.5 0
3.5 -2 4.5 -0.785398
3.5 -2 4.5 3.14159
3.5 -2 4.5 2.35619
3.5 -2 4.5 1.5708
3.5 -2 4.5 0.785398
3.5 -2 4.5 0
2 2.5 4.5 -0.785398
2 2.5 4.5 -1.5708
2 2.5 4.5 -2.35619
2 2.5 4.5 0
2 1 4.5 -0.785398
2 1 4.5 -1.5708
2 1 4.5 -2.35619
2 1 4.5 3.14159
2 1 4.5 0.785398
2 1 4.5 0
2 -0.5 4.5 -0.785398
2 -0.5 4.5 3.14159
2 -0.5 4.5 0.785398
2 -0.5 4.5 0
2 -2 4.5 2.35619
2 -2 4.5 1.5708
2 -2 4.5 0.785398
2 -2 4.5 0
0.5 1 4.5 -0.785398
0.5 1 4.5 0
0.5 -0.5 4.5 -0.785398
0.5 -0.5 4.5 0.785398
0.5 -0.5 4.5 0
0.5 -2 4.5 1.5708
0.5 -2 4.5 0.785398
0.5 -2 4.5 0
-1 1 4.5 -0.785398
-1 1 4.5 0
-1 -0.5 4.5 0.785398
-1 -0.5 4.5 0
18.5 1 3 -2.35619
18.5 1 3 3.14159
18.5 1 3 2.35619
18.5 -0.5 3 -2.35619
18.5 -0.5 3 3.14159
18.5 -0.5 3 2.35619
17 5.5 3 -1.5708
17 5.5 3 -2.35619
17 4 3 -1.5708
17 4 3 -2.35619
17 4 3 3.14159
17 2.5 3 -1.5708
17 2.5 3 -2.35619
17 2.5 3 3.14159
17 2.5 3 2.35619
17 1 3 -2.35619
17 1 3 3.14159
17 1 3 2.35619
17 -0.5 3 -2.35619
17 -0.5 3 3.14159
17 -0.5 3 2.35619
17 -2 3 -2.35619
17 -2 3 3.14159
17 -2 3 2.35619
17 -2 3 1.5708
17 -3.5 3 3.14159
17 -3.5 3 2.35619
17 -3.5 3 1.5708
17 -5 3 3.14159
17 -5 3 2.35619
17 -5 3 1.5708
15.5 5.5 3 -1.5708
15.5 5.5 3 -2.35619
15.5 5.5 3 3.14159
15.5 -5 3 3.14159
15.5 -5 3 2.35619
15.5 -5 3 1.5708
14 5.5 3 -0.785398
14 5.5 3 -1.5708
14 5.5 3 -2.35619
14 5.5 3 3.14159
14 -5 3 3.14159
14 -5 3 2.35619
14 -5 3 1.5708
14 -5 3 0.785398
14 -6.5 3 3.14159
14 -6.5 3 2.35619
14 -6.5 3 1.5708
12.5 7 3 -1.5708
12.5 7 3 -2.35619
12.5 5.5 3 -0.785398
12.5 5.5 3 -1.5708
12.5 5.5 3 -2.35619
12.5 5.5 3 3.14159
12.5 -5 3 3.14159
12.5 -5 3 2.35619
12.5 -5 3 1.5708
12.5 -5 3 0.785398
12.5 -6.5 3 2.35619
12.5 -6.5 3 1.5708
12.5 -6.5 3 0.785398
12.5 -8 3 2.35619
12.5 -8 3 1.5708
11 7 3 -0.785398
11 7 3 -1.5708
11 7 3 -2.35619
11 -6.5 3 2.35619
11 -6.5 3 1.5708
11 -6.5 3 0.785398
11 -8 3 2.35619
11 -8 3 1.5708
11 -8 3 0.785398
9.5 7 3 -0.785398
9.5 7 3 -1.5708
9.5 7 3 -2.35619
9.5 -6.5 3 2.35619
9.5 -6.5 3 1.5708
9.5 -6.5 3 0.785398
9.5 -8 3 2.35619
9.5 -8 3 1.5708
9.5 -8 3 0.785398
8 7 3 -0.785398
8 7 3 -1.5708
8 7 3 -2.35619
8 5.5 3 -0.785398
8 5.5 3 -1.5708
8 5.5 3 -2.35619
8 5.5 3 0
8 4 3 -0.785398
8 4 3 -1.5708
8 4 3 -2.35619
8 4 3 0.785398
8 4 3 0
8 -5 3 2.35619
8 -5 3 1.5708
8 -5 3 0.785398
8 -5 3 0
8 -6.5 3 2.35619
8 -6.5 3 1.5708
8 -6.5 3 0.785398
8 -6.5 3 0
6.5 4 3 -0.785398
6.5 4 3 -1.5708
6.5 4 3 -2.35619
6.5 4 3 0.785398
6.5 4 3 0
6.5 -3.5 3 -0.785398
6.5 -3.5 3 2.35619
6.5 -3.5 3 1.5708
6.5 -3.5 3 0.785398
6.5 -3.5 3 0
6.5 -5 3 2.35619
6.5 -5 3 1.5708
6.5 -5 3 0.785398
6.5 -5 3 0
5 4 3 -0.785398
5 4 3 -1.5708
5 4 3 -2.35619
5 4 3 0
5 2.5 3 -0.785398
5 2.5 3 -1.5708
5 2.5 3 -2.35619
5 2.5 3 0.785398
5 2.5 3 0
5 -3.5 3 2.35619
5 -3.5 3 1.5708
5 -3.5 3 0.785398
5 -3.5 3 0
3.5 4 3 -0.785398
3.5 4 3 -1.5708
3.5 4 3 -2.35619
3.5 4 3 0
3.5 2.5 3 -0.785398
3.5 2.5 3 -1.5708
3.5 2.5 3 -2.35619
3.5 2.5 3 0
3.5 -2 3 2.35619
3.5 -2 3 1.5708
3.5 -2 3 0.785398
3.5 -2 3 0
3.5 -3.5 3 2.35619
3.5 -3.5 3 1.5708
3.5 -3.5 3 0.785398
3.5 -3.5 3 0
2 2.5 3 -0.785398
2 2.5 3 -1.5708
2 2.5 3 -2.35619
2 2.5 3 0
2 -2 3 2.35619
2 -2 3 1.5708
2 -2 3 0.785398
2 -2 3 0
2 -3.5 3 2.35619
2 -3.5 3 1.5708
2 -3.5 3 0.785398
2 -3.5 3 0
0.5 2.5 3 -0.785398
0.5 2.5 3 -1.5708
0.5 2.5 3 0
0.5 -2 3 1.5708
0.5 -2 3 0.785398
0.5 -2 3 0
-1 2.5 3 -0.785398
-1 2.5 3 -1.5708
-1 2.5 3 0
-1 1 3 -0.785398
-1 1 3 0
-1 -0.5 3 0.785398
-1 -0.5 3 0
-1 -2 3 1.5708
-1 -2 3 0.785398
-1 -2 3 0
-2.5 1 3 -0.785398
-2.5 1 3 0
-2.5 -0.5 3 0
17 -0.5 1.5 2.35619
15.5 5.5 1.5 -2.35619
15.5 4 1.5 -2.35619
15.5 4 1.5 3.14159
15.5 -3.5 1.5 3.14159
15.5 -5 1.5 3.14159
15.5 -5 1.5 2.35619
14 5.5 1.5 -2.35619
14 4 1.5 -2.35619
14 4 1.5 3.14159
14 -5 1.5 2.35619
14 -6.5 1.5 2.35619
12.5 7 1.5 -1.5708
12.5 7 1.5 -2.35619
12.5 5.5 1.5 -2.35619
12.5 4 1.5 -1.5708
12.5 4 1.5 -2.35619
12.5 -5 1.5 2.35619
12.5 -6.5 1.5 2.35619
12.5 -6.5 1.5 1.5708
11 7 1.5 -1.5708
11 -6.5 1.5 2.35619
11 -6.5 1.5 1.5708
11 -8 1.5 1.5708
9.5 7 1.5 -1.5708
9.5 5.5 1.5 -1.5708
9.5 -6.5 1.5 1.5708
9.5 -8 1.5 1.5708
8 7 1.5 -0.785398
8 7 1.5 -1.5708
8 5.5 1.5 -0.785398
8 5.5 1.5 -1.5708
8 5.5 1.5 -2.35619
8 4 1.5 -0.785398
8 4 1.5 -1.5708
8 4 1.5 -2.35619
8 -3.5 1.5 2.35619
8 -3.5 1.5 1.5708
8 -3.5 1.5 0.785398
8 -3.5 1.5 0
8 -5 1.5 2.35619
8 -5 1.5 1.5708
8 -5 1.5 0.785398
8 -6.5 1.5 1.5708
8 -6.5 1.5 0.785398
6.5 4 1.5 -0.785398
6.5 4 1.5 -1.5708
6.5 4 1.5 -2.35619
6.5 4 1.5 0
6.5 2.5 1.5 -0.785398
6.5 2.5 1.5 -2.35619
6.5 2.5 1.5 0
6.5 -3.5 1.5 2.35619
6.5 -3.5 1.5 0.785398
6.5 -3.5 1.5 0
6.5 -5 1.5 2.35619
6.5 -5 1.5 1.5708
6.5 -5 1.5 0.785398
5 4 1.5 -0.785398
5 4 1.5 -1.5708
5 4 1.5 -2.35619
5 4 1.5 0
5 2.5 1.5 -0.785398
5 2.5 1.5 -1.5708
5 2.5 1.5 -2.35619
5 2.5 1.5 0
5 -3.5 1.5 2.35619
5 -3.5 1.5 1.5708
5 -3.5 1.5 0.785398
5 -3.5 1.5 0
3.5 4 1.5 -0.785398
3.5 4 1.5 -1.5708
3.5 4 1.5 0
3.5 2.5 1.5 -0.785398
3.5 2.5 1.5 -1.5708
3.5 2.5 1.5 0
3.5 -2 1.5 1.5708
3.5 -2 1.5 0.785398
3.5 -2 1.5 0
3.5 -3.5 1.5 1.5708
3.5 -3.5 1.5 0
2 2.5 1.5 -0.785398
2 -2 1.5 0.785398
2 -3.5 1.5 1.5708
2 -3.5 1.5 0.785398
0.5 2.5 1.5 -0.785398
0.5 -2 1.5 0.785398
0.5 -2 1.5 0
-1 2.5 1.5 -0.785398
-1 2.5 1.5 0
-1 1 1.5 0
-1 -0.5 1.5 0
-1 -2 1.5 0.785398
-1 -2 1.5 0
-2.5 1 1.5 0
-2.5 -0.5 1.5 0
