18.5 0.5 10.5 -2.35619
18.5 0.5 10.5 3.14159
18.5 -1 10.5 -2.35619
18.5 -1 10.5 3.14159
18.5 -2.5 10.5 3.14159
18.5 0.5 9 -2.35619
18.5 0.5 9 3.14159
18.5 -1 9 -2.35619
18.5 -1 9 3.14159
18.5 -2.5 9 3.14159
18.5 -4 9 3.14159
18.5 -4 9 2.35619
8 3.5 9 -0.785398
8 3.5 9 -1.5708
8 -5.5 9 1.5708
8 -5.5 9 0.785398
8 -5.5 9 0
8 -7 9 2.35619
8 -7 9 1.5708
8 -7 9 0.785398
6.5 2 9 -0.785398
6.5 2 9 -1.5708
6.5 -4 9 0.785398
6.5 -4 9 0
6.5 -5.5 9 0.785398
6.5 -5.5 9 0
6.5 -7 9 1.5708
6.5 -7 9 0.785398
5 2 9 -1.5708
5 -4 9 0.785398
5 -4 9 0
5 -5.5 9 0.785398
5 -5.5 9 0
5 -7 9 1.5708
27.5 -1 7.5 -2.35619
27.5 -1 7.5 3.14159
27.5 -2.5 7.5 -2.35619
27.5 -2.5 7.5 3.14159
27.5 -4 7.5 3.14159
26 0.5 7.5 -1.5708
26 0.5 7.5 -2.35619
26 -4 7.5 3.14159
26 -5.5 7.5 3.14159
26 -5.5 7.5 2.35619
26 -7 7.5 2.35619
26 -8.5 7.5 1.5708
24.5 2 7.5 -2.35619
24.5 -7 7.5 2.35619
24.5 -8.5 7.5 2.35619
24.5 -8.5 7.5 1.5708
23 -8.5 7.5 1.5708
21.5 2 7.5 -0.785398
21.5 -7 7.5 0.785398
21.5 -8.5 7.5 1.5708
21.5 -8.5 7.5 0.785398
20 -5.5 7.5 0.785398
20 -7 7.5 0.785398
20 -8.5 7.5 1.5708
20 -8.5 7.5 0.785398
18.5 2 7.5 3.14159
18.5 0.5 7.5 -2.35619
18.5 0.5 7.5 3.14159
18.5 -2.5 7.5 -0.785398
18.5 -2.5 7.5 3.14159
18.5 -2.5 7.5 2.35619
18.5 -2.5 7.5 0
18.5 -4 7.5 3.14159
18.5 -4 7.5 2.35619
18.5 -4 7.5 0
18.5 -5.5 7.5 3.14159
18.5 -5.5 7.5 2.35619
18.5 -5.5 7.5 0.785398
18.5 -5.5 7.5 0
17 0.5 7.5 -2.35619
17 0.5 7.5 3.14159
17 -1 7.5 -2.35619
17 -1 7.5 3.14159
17 -2.5 7.5 -0.785398
17 -2.5 7.5 3.14159
17 -2.5 7.5 2.35619
17 -4 7.5 3.14159
17 -4 7.5 2.35619
15.5 0.5 7.5 -2.35619
15.5 0.5 7.5 3.14159
15.5 -1 7.5 -2.35619
15.5 -1 7.5 3.14159
15.5 -1 7.5 2.35619
15.5 -2.5 7.5 3.14159
15.5 -2.5 7.5 2.35619
14 5 7.5 -1.5708
14 3.5 7.5 -1.5708
14 3.5 7.5 -2.35619
14 2 7.5 -1.5708
14 2 7.5 -2.35619
14 2 7.5 3.14159
14 0.5 7.5 -1.5708
14 0.5 7.5 -2.35619
14 0.5 7.5 3.14159
14 -1 7.5 -2.35619
14 -1 7.5 3.14159
14 -2.5 7.5 -2.35619
14 -2.5 7.5 3.14159
14 -2.5 7.5 2.35619
14 -4 7.5 3.14159
14 -4 7.5 2.35619
14 -4 7.5 1.5708
14 -5.5 7.5 3.14159
14 -5.5 7.5 2.35619
14 -5.5 7.5 1.5708
14 -7 7.5 2.35619
14 -7 7.5 1.5708
14 -8.5 7.5 2.35619
14 -8.5 7.5 1.5708
12.5 5 7.5 -1.5708
12.5 5 7.5 -2.35619
12.5 3.5 7.5 -0.785398
12.5 3.5 7.5 -1.5708
12.5 3.5 7.5 -2.35619
12.5 2 7.5 -1.5708
12.5 2 7.5 -2.35619
12.5 2 7.5 3.14159
12.5 0.5 7.5 -1.5708
12.5 0.5 7.5 -2.35619
12.5 0.5 7.5 3.14159
12.5 -1 7.5 -1.5708
12.5 -1 7.5 -2.35619
12.5 -1 7.5 3.14159
12.5 -2.5 7.5 -2.35619
12.5 -2.5 7.5 3.14159
12.5 -2.5 7.5 2.35619
12.5 -4 7.5 3.14159
12.5 -4 7.5 2.35619
12.5 -4 7.5 1.5708
12.5 -5.5 7.5 3.14159
12.5 -5.5 7.5 2.35619
12.5 -5.5 7.5 1.5708
12.5 -7 7.5 2.35619
12.5 -7 7.5 1.5708
12.5 -7 7.5 0.785398
12.5 -8.5 7.5 2.35619
12.5 -8.5 7.5 1.5708
11 5 7.5 -1.5708
11 5 7.5 -2.35619
11 3.5 7.5 -0.785398
11 3.5 7.5 -1.5708
11 3.5 7.5 -2.35619
11 2 7.5 -0.785398
11 2 7.5 -1.5708
11 2 7.5 -2.35619
11 0.5 7.5 -0.785398
11 0.5 7.5 -1.5708
11 0.5 7.5 -2.35619
11 0.5 7.5 3.14159
11 -1 7.5 -0.785398
11 -1 7.5 -1.5708
11 -1 7.5 -2.35619
11 -1 7.5 3.14159
11 -2.5 7.5 -0.785398
11 -2.5 7.5 -1.5708
11 -2.5 7.5 -2.35619
11 -2.5 7.5 3.14159
11 -2.5 7.5 2.35619
11 -2.5 7.5 0
11 -4 7.5 3.14159
11 -4 7.5 2.35619
11 -4 7.5 1.5708
11 -4 7.5 0.785398
11 -5.5 7.5 3.14159
11 -5.5 7.5 2.35619
11 -5.5 7.5 1.5708
11 -5.5 7.5 0.785398
11 -7 7.5 2.35619
11 -7 7.5 1.5708
11 -7 7.5 0.785398
11 -8.5 7.5 2.35619
11 -8.5 7.5 1.5708
11 -8.5 7.5 0.785398
9.5 6.5 7.5 -0.785398
9.5 5 7.5 -0.785398
9.5 5 7.5 -1.5708
9.5 5 7.5 -2.35619
9.5 3.5 7.5 -0.785398
9.5 3.5 7.5 -1.5708
9.5 3.5 7.5 -2.35619
9.5 2 7.5 -0.785398
9.5 2 7.5 -1.5708
9.5 2 7.5 -2.35619
9.5 0.5 7.5 -0.785398
9.5 0.5 7.5 -1.5708
9.5 0.5 7.5 -2.35619
9.5 0.5 7.5 0
9.5 -1 7.5 -0.785398
9.5 -1 7.5 -1.5708
9.5 -1 7.5 -2.35619
9.5 -1 7.5 3.14159
9.5 -1 7.5 0
9.5 -2.5 7.5 -0.785398
9.5 -2.5 7.5 3.14159
9.5 -2.5 7.5 0
9.5 -4 7.5 3.14159
9.5 -4 7.5 2.35619
9.5 -4 7.5 1.5708
9.5 -4 7.5 0.785398
9.5 -4 7.5 0
9.5 -5.5 7.5 2.35619
9.5 -5.5 7.5 1.5708
9.5 -5.5 7.5 0.785398
9.5 -7 7.5 2.35619
9.5 -7 7.5 1.5708
9.5 -7 7.5 0.785398
9.5 -8.5 7.5 2.35619
9.5 -8.5 7.5 1.5708
9.5 -8.5 7.5 0.785398
8 5 7.5 -0.785398
8 5 7.5 -1.5708
8 3.5 7.5 -0.785398
8 3.5 7.5 -1.5708
8 3.5 7.5 -2.35619
8 2 7.5 -0.785398
8 2 7.5 -1.5708
8 2 7.5 -2.35619
8 2 7.5 0
8 0.5 7.5 -0.785398
8 0.5 7.5 -1.5708
8 0.5 7.5 -2.35619
8 0.5 7.5 0
8 -1 7.5 -0.785398
8 -1 7.5 -2.35619
8 -1 7.5 0
8 -2.5 7.5 -0.785398
8 -2.5 7.5 0.785398
8 -2.5 7.5 0
8 -4 7.5 2.35619
8 -4 7.5 1.5708
8 -4 7.5 0.785398
8 -4 7.5 0
8 -5.5 7.5 2.35619
8 -5.5 7.5 1.5708
8 -5.5 7.5 0.785398
8 -5.5 7.5 0
8 -7 7.5 2.35619
8 -7 7.5 1.5708
8 -7 7.5 0.785398
8 -8.5 7.5 2.35619
8 -8.5 7.5 1.5708
8 -8.5 7.5 0.785398
6.5 3.5 7.5 -0.785398
6.5 3.5 7.5 -1.5708
6.5 3.5 7.5 0
6.5 2 7.5 -0.785398
6.5 2 7.5 -1.5708
6.5 2 7.5 0
6.5 0.5 7.5 -0.785398
6.5 0.5 7.5 -1.5708
6.5 0.5 7.5 -2.35619
6.5 0.5 7.5 0
6.5 -1 7.5 -0.785398
6.5 -1 7.5 0.785398
6.5 -1 7.5 0
6.5 -2.5 7.5 0.785398
6.5 -2.5 7.5 0
6.5 -4 7.5 0.785398
6.5 -4 7.5 0
6.5 -5.5 7.5 2.35619
6.5 -5.5 7.5 1.5708
6.5 -5.5 7.5 0.785398
6.5 -5.5 7.5 0
6.5 -7 7.5 1.5708
6.5 -7 7.5 0.785398
6.5 -8.5 7.5 1.5708
6.5 -8.5 7.5 0.785398
5 3.5 7.5 -0.785398
5 3.5 7.5 -1.5708
5 2 7.5 -0.785398
5 2 7.5 -1.5708
5 2 7.5 0
5 0.5 7.5 -0.785398
5 0.5 7.5 -1.5708
5 0.5 7.5 0
5 -1 7.5 -0.785398
5 -1 7.5 0.785398
5 -1 7.5 0
5 -2.5 7.5 0.785398
5 -2.5 7.5 0
5 -4 7.5 0.785398
5 -4 7.5 0
5 -5.5 7.5 1.5708
5 -5.5 7.5 0.785398
5 -5.5 7.5 0
5 -7 7.5 1.5708
5 -7 7.5 0.785398
5 -8.5 7.5 1.5708
3.5 3.5 7.5 -0.785398
3.5 3.5 7.5 -1.5708
3.5 2 7.5 -0.785398
3.5 2 7.5 -1.5708
3.5 2 7.5 0
3.5 0.5 7.5 -0.785398
3.5 0.5 7.5 -1.5708
3.5 0.5 7.5 0
3.5 -1 7.5 -0.785398
3.5 -1 7.5 0
3.5 -2.5 7.5 0.785398
3.5 -2.5 7.5 0
3.5 -4 7.5 0.785398
3.5 -4 7.5 0
3.5 -5.5 7.5 1.5708
3.5 -5.5 7.5 0.785398
3.5 -5.5 7.5 0
3.5 -7 7.5 1.5708
3.5 -7 7.5 0.785398
3.5 -8.5 7.5 1.5708
3.5 -8.5 7.5 0.785398
2 2 7.5 -0.785398
2 0.5 7.5 -0.785398
2 0.5 7.5 0
2 -1 7.5 -0.785398
2 -1 7.5 0
2 -2.5 7.5 0.785398
2 -2.5 7.5 0
2 -5.5 7.5 0.785398
2 -5.5 7.5 0
2 -7 7.5 0.785398
27.5 0.5 6 -2.35619
27.5 -1 6 -2.35619
27.5 -1 6 3.14159
27.5 -2.5 6 -2.35619
27.5 -2.5 6 3.14159
27.5 -4 6 3.14159
27.5 -4 6 2.35619
27.5 -5.5 6 3.14159
27.5 -5.5 6 2.35619
27.5 -7 6 2.35619
26 2 6 -1.5708
26 2 6 -2.35619
26 0.5 6 -1.5708
26 0.5 6 -2.35619
26 -4 6 3.14159
26 -4 6 2.35619
26 -5.5 6 3.14159
26 -5.5 6 2.35619
26 -7 6 2.35619
26 -7 6 1.5708
26 -8.5 6 2.35619
26 -8.5 6 1.5708
21.5 -10 6 0.785398
20 2 6 -0.785398
20 2 6 -1.5708
20 -5.5 6 0.785398
20 -5.5 6 0
20 -7 6 1.5708
20 -7 6 0.785398
20 -8.5 6 1.5708
20 -8.5 6 0.785398
18.5 2 6 3.14159
18.5 -4 6 3.14159
18.5 -4 6 2.35619
18.5 -4 6 0.785398
18.5 -4 6 0
18.5 -5.5 6 3.14159
18.5 -5.5 6 2.35619
18.5 -5.5 6 0.785398
18.5 -5.5 6 0
18.5 -7 6 0.785398
17 2 6 -2.35619
17 2 6 3.14159
17 0.5 6 -2.35619
17 0.5 6 3.14159
17 -4 6 3.14159
17 -4 6 2.35619
17 -4 6 0.785398
17 -4 6 0
17 -5.5 6 3.14159
17 -5.5 6 2.35619
17 -5.5 6 0.785398
17 -5.5 6 0
15.5 3.5 6 -1.5708
15.5 3.5 6 -2.35619
15.5 3.5 6 3.14159
15.5 2 6 -1.5708
15.5 2 6 -2.35619
15.5 2 6 3.14159
15.5 0.5 6 -2.35619
15.5 0.5 6 3.14159
15.5 -2.5 6 3.14159
15.5 -2.5 6 2.35619
15.5 -4 6 3.14159
15.5 -4 6 2.35619
15.5 -4 6 1.5708
15.5 -5.5 6 3.14159
15.5 -5.5 6 2.35619
15.5 -5.5 6 1.5708
15.5 -7 6 2.35619
15.5 -7 6 1.5708
15.5 -8.5 6 2.35619
15.5 -8.5 6 1.5708
14 5 6 -1.5708
14 5 6 -2.35619
14 3.5 6 -1.5708
14 3.5 6 -2.35619
14 2 6 -1.5708
14 2 6 -2.35619
14 2 6 3.14159
14 0.5 6 -1.5708
14 0.5 6 -2.35619
14 0.5 6 3.14159
14 -1 6 -2.35619
14 -1 6 3.14159
14 -1 6 2.35619
14 -2.5 6 -2.35619
14 -2.5 6 3.14159
14 -2.5 6 2.35619
14 -4 6 3.14159
14 -4 6 2.35619
14 -4 6 1.5708
14 -5.5 6 3.14159
14 -5.5 6 2.35619
14 -5.5 6 1.5708
14 -7 6 2.35619
14 -7 6 1.5708
14 -8.5 6 2.35619
14 -8.5 6 1.5708
12.5 6.5 6 -2.35619
12.5 5 6 -1.5708
12.5 5 6 -2.35619
12.5 3.5 6 -0.785398
12.5 3.5 6 -1.5708
12.5 3.5 6 -2.35619
12.5 2 6 -0.785398
12.5 2 6 -1.5708
12.5 2 6 -2.35619
12.5 2 6 3.14159
12.5 0.5 6 -1.5708
12.5 0.5 6 -2.35619
12.5 0.5 6 3.14159
12.5 -4 6 3.14159
12.5 -4 6 2.35619
12.5 -4 6 1.5708
12.5 -4 6 0.785398
12.5 -5.5 6 3.14159
12.5 -5.5 6 2.35619
12.5 -5.5 6 1.5708
12.5 -5.5 6 0.785398
12.5 -7 6 2.35619
12.5 -7 6 1.5708
12.5 -7 6 0.785398
12.5 -8.5 6 2.35619
12.5 -8.5 6 1.5708
9.5 6.5 6 -0.785398
8 5 6 -0.785398
8 5 6 -1.5708
8 5 6 -2.35619
8 0.5 6 -0.785398
8 0.5 6 -1.5708
8 0.5 6 -2.35619
8 0.5 6 0
8 -4 6 3.14159
8 -4 6 2.35619
8 -4 6 1.5708
8 -4 6 0.785398
8 -4 6 0
8 -8.5 6 2.35619
8 -8.5 6 1.5708
8 -8.5 6 0.785398
6.5 0.5 6 -0.785398
6.5 0.5 6 -1.5708
6.5 0.5 6 -2.35619
6.5 0.5 6 0
6.5 -2.5 6 -0.785398
6.5 -2.5 6 3.14159
6.5 -2.5 6 0.785398
6.5 -2.5 6 0
5 0.5 6 -0.785398
5 0.5 6 -1.5708
5 0.5 6 0
5 -2.5 6 -0.785398
5 -2.5 6 0.785398
5 -2.5 6 0
3.5 5 6 -0.785398
3.5 5 6 -1.5708
3.5 0.5 6 -0.785398
3.5 0.5 6 -1.5708
3.5 0.5 6 0
3.5 -2.5 6 -0.785398
3.5 -2.5 6 0.785398
3.5 -2.5 6 0
3.5 -4 6 1.5708
3.5 -4 6 0.785398
3.5 -4 6 0
3.5 -8.5 6 1.5708
3.5 -8.5 6 0.785398
2 3.5 6 -0.785398
2 2 6 -0.785398
2 2 6 0
2 0.5 6 -0.785398
2 0.5 6 0
2 -1 6 -0.785398
2 -1 6 0
2 -2.5 6 -0.785398
2 -2.5 6 0.785398
2 -2.5 6 0
2 -4 6 0.785398
2 -4 6 0
2 -5.5 6 0.785398
2 -5.5 6 0
2 -7 6 0.785398
2 -7 6 0
0.5 2 6 -0.785398
0.5 2 6 0
0.5 0.5 6 -0.785398
0.5 0.5 6 0
0.5 -1 6 -0.785398
0.5 -1 6 0
0.5 -2.5 6 -0.785398
0.5 -2.5 6 0.785398
0.5 -2.5 6 0
0.5 -4 6 0.785398
0.5 -4 6 0
27.5 0.5 4.5 -2.35619
27.5 0.5 4.5 3.14159
27.5 -1 4.5 -2.35619
27.5 -1 4.5 3.14159
27.5 -2.5 4.5 -2.35619
27.5 -2.5 4.5 3.14159
27.5 -4 4.5 3.14159
27.5 -4 4.5 2.35619
27.5 -5.5 4.5 3.14159
27.5 -5.5 4.5 2.35619
27.5 -7 4.5 2.35619
27.5 -8.5 4.5 2.35619
26 -10 4.5 2.35619
24.5 -10 4.5 2.35619
21.5 -10 4.5 0.785398
20 -10 4.5 0.785398
18.5 3.5 4.5 -1.5708
18.5 3.5 4.5 -2.35619
18.5 2 4.5 -1.5708
18.5 2 4.5 -2.35619
18.5 2 4.5 3.14159
18.5 -5.5 4.5 3.14159
18.5 -5.5 4.5 2.35619
18.5 -5.5 4.5 0.785398
18.5 -5.5 4.5 0
18.5 -7 4.5 2.35619
18.5 -7 4.5 1.5708
18.5 -7 4.5 0.785398
18.5 -8.5 4.5 1.5708
18.5 -8.5 4.5 0.785398
17 3.5 4.5 -1.5708
17 3.5 4.5 -2.35619
17 3.5 4.5 3.14159
17 -5.5 4.5 3.14159
17 -5.5 4.5 2.35619
17 -5.5 4.5 0.785398
17 -5.5 4.5 0
17 -7 4.5 2.35619
17 -7 4.5 1.5708
17 -7 4.5 0.785398
15.5 5 4.5 -2.35619
15.5 3.5 4.5 -0.785398
15.5 3.5 4.5 -1.5708
15.5 3.5 4.5 -2.35619
15.5 3.5 4.5 3.14159
15.5 -5.5 4.5 3.14159
15.5 -5.5 4.5 2.35619
15.5 -5.5 4.5 1.5708
15.5 -7 4.5 2.35619
15.5 -7 4.5 1.5708
15.5 -7 4.5 0.785398
15.5 -8.5 4.5 2.35619
15.5 -8.5 4.5 1.5708
3.5 -10 4.5 1.5708
3.5 -10 4.5 0.785398
2 3.5 4.5 -0.785398
2 3.5 4.5 -1.5708
2 2 4.5 -0.785398
2 2 4.5 0
2 -5.5 4.5 1.5708
2 -5.5 4.5 0.785398
2 -5.5 4.5 0
2 -7 4.5 0.785398
2 -8.5 4.5 0.785398
0.5 3.5 4.5 -0.785398
0.5 3.5 4.5 -1.5708
0.5 2 4.5 -0.785398
0.5 2 4.5 0
0.5 -4 4.5 0.785398
0.5 -4 4.5 0
0.5 -5.5 4.5 1.5708
0.5 -5.5 4.5 0.785398
0.5 -5.5 4.5 0
-1 2 4.5 -0.785398
-1 2 4.5 0
-1 0.5 4.5 -0.785398
-1 0.5 4.5 0
-1 -1 4.5 0
-1 -2.5 4.5 0.785398
-1 -2.5 4.5 0
-1 -4 4.5 0.785398
-1 -4 4.5 0
-2.5 0.5 4.5 -0.785398
-2.5 -2.5 4.5 0.785398
27.5 0.5 3 -2.35619
27.5 0.5 3 3.14159
27.5 -1 3 -2.35619
27.5 -1 3 3.14159
27.5 -2.5 3 -2.35619
27.5 -2.5 3 3.14159
27.5 -4 3 -2.35619
27.5 -4 3 3.14159
27.5 -4 3 2.35619
27.5 -5.5 3 -2.35619
27.5 -5.5 3 3.14159
27.5 -5.5 3 2.35619
27.5 -7 3 3.14159
27.5 -7 3 2.35619
27.5 -8.5 3 3.14159
27.5 -8.5 3 2.35619
27.5 -10 3 3.14159
26 -10 3 2.35619
26 -10 3 1.5708
24.5 -10 3 2.35619
24.5 -10 3 1.5708
24.5 -11.5 3 2.35619
24.5 -11.5 3 1.5708
23 -11.5 3 2.35619
23 -11.5 3 1.5708
21.5 -10 3 2.35619
21.5 -10 3 1.5708
21.5 -10 3 0.785398
21.5 -11.5 3 1.5708
21.5 -11.5 3 0.785398
20 -10 3 1.5708
20 -10 3 0.785398
18.5 5 3 -2.35619
18.5 3.5 3 -0.785398
18.5 3.5 3 -1.5708
18.5 3.5 3 -2.35619
18.5 -7 3 2.35619
18.5 -7 3 1.5708
18.5 -7 3 0.785398
18.5 -7 3 0
18.5 -8.5 3 2.35619
18.5 -8.5 3 1.5708
18.5 -8.5 3 0.785398
18.5 -8.5 3 0
18.5 -10 3 1.5708
18.5 -10 3 0.785398
17 5 3 -1.5708
17 5 3 -2.35619
17 3.5 3 -0.785398
17 3.5 3 -1.5708
17 3.5 3 -2.35619
17 3.5 3 3.14159
17 -7 3 2.35619
17 -7 3 1.5708
17 -7 3 0.785398
17 -7 3 0
17 -8.5 3 2.35619
17 -8.5 3 1.5708
17 -8.5 3 0.785398
17 -8.5 3 0
17 -10 3 0
2 5 3 -0.785398
2 5 3 -1.5708
2 5 3 -2.35619
2 3.5 3 -0.785398
2 3.5 3 -1.5708
2 3.5 3 -2.35619
2 -7 3 2.35619
2 -7 3 1.5708
2 -7 3 0.785398
2 -8.5 3 0.785398
0.5 3.5 3 -0.785398
0.5 3.5 3 -1.5708
0.5 -5.5 3 1.5708
0.5 -5.5 3 0.785398
0.5 -5.5 3 0
0.5 -7 3 1.5708
0.5 -7 3 0.785398
0.5 -7 3 0
-1 3.5 3 -0.785398
-1 3.5 3 -1.5708
-1 2 3 -0.785398
-1 2 3 -1.5708
-1 2 3 0
-1 -5.5 3 1.5708
-1 -5.5 3 0.785398
-1 -5.5 3 0
-2.5 2 3 -0.785398
-2.5 2 3 0
-2.5 0.5 3 -0.785398
-2.5 0.5 3 0
-2.5 -4 3 0.785398
-2.5 -4 3 0
-2.5 -5.5 3 1.5708
-2.5 -5.5 3 0.785398
-2.5 -5.5 3 0
-4 0.5 3 -0.785398
-4 0.5 3 0
-4 -1 3 -0.785398
-4 -1 3 0
-4 -2.5 3 0.785398
-4 -2.5 3 0
-4 -4 3 0.785398
-4 -4 3 0
27.5 2 1.5 -2.35619
27.5 0.5 1.5 -2.35619
27.5 0.5 1.5 3.14159
27.5 -1 1.5 -2.35619
27.5 -1 1.5 3.14159
27.5 -2.5 1.5 -2.35619
27.5 -2.5 1.5 3.14159
27.5 -4 1.5 -2.35619
27.5 -4 1.5 3.14159
27.5 -4 1.5 2.35619
27.5 -5.5 1.5 -2.35619
27.5 -5.5 1.5 3.14159
27.5 -5.5 1.5 2.35619
27.5 -7 1.5 3.14159
27.5 -7 1.5 2.35619
27.5 -8.5 1.5 3.14159
27.5 -8.5 1.5 2.35619
26 3.5 1.5 -1.5708
26 3.5 1.5 -2.35619
26 -5.5 1.5 -2.35619
26 -5.5 1.5 3.14159
26 -5.5 1.5 2.35619
26 -5.5 1.5 1.5708
26 -7 1.5 -2.35619
26 -7 1.5 3.14159
26 -7 1.5 2.35619
26 -7 1.5 1.5708
26 -8.5 1.5 3.14159
26 -8.5 1.5 2.35619
26 -8.5 1.5 1.5708
26 -10 1.5 3.14159
26 -10 1.5 2.35619
26 -10 1.5 1.5708
24.5 -10 1.5 2.35619
24.5 -10 1.5 1.5708
24.5 -11.5 1.5 2.35619
24.5 -11.5 1.5 1.5708
23 -10 1.5 2.35619
23 -10 1.5 1.5708
23 -11.5 1.5 2.35619
23 -11.5 1.5 1.5708
21.5 -10 1.5 2.35619
21.5 -10 1.5 1.5708
21.5 -10 1.5 0.785398
21.5 -11.5 1.5 1.5708
21.5 -11.5 1.5 0.785398
20 5 1.5 -2.35619
20 -8.5 1.5 2.35619
20 -8.5 1.5 1.5708
20 -8.5 1.5 0.785398
20 -8.5 1.5 0
20 -10 1.5 1.5708
20 -10 1.5 0.785398
20 -10 1.5 0
18.5 5 1.5 -1.5708
18.5 5 1.5 -2.35619
18.5 3.5 1.5 -0.785398
18.5 3.5 1.5 -1.5708
18.5 3.5 1.5 -2.35619
18.5 -7 1.5 -0.785398
18.5 -7 1.5 2.35619
18.5 -7 1.5 1.5708
18.5 -7 1.5 0.785398
18.5 -7 1.5 0
18.5 -8.5 1.5 2.35619
18.5 -8.5 1.5 1.5708
18.5 -8.5 1.5 0.785398
18.5 -8.5 1.5 0
17 5 1.5 -0.785398
17 5 1.5 -1.5708
17 5 1.5 -2.35619
17 -8.5 1.5 2.35619
17 -8.5 1.5 1.5708
17 -8.5 1.5 0.785398
17 -8.5 1.5 0
17 -10 1.5 0.785398
17 -10 1.5 0
2 5 1.5 -0.785398
2 5 1.5 -1.5708
2 5 1.5 -2.35619
2 3.5 1.5 -0.785398
2 3.5 1.5 -1.5708
2 3.5 1.5 -2.35619
2 -7 1.5 2.35619
2 -7 1.5 1.5708
2 -7 1.5 0.785398
2 -8.5 1.5 0.785398
0.5 3.5 1.5 -0.785398
0.5 3.5 1.5 -1.5708
0.5 3.5 1.5 -2.35619
0.5 -7 1.5 1.5708
0.5 -7 1.5 0.785398
-1 3.5 1.5 -0.785398
-1 3.5 1.5 -1.5708
-1 -5.5 1.5 1.5708
-1 -5.5 1.5 0.785398
-1 -5.5 1.5 0
-1 -7 1.5 1.5708
-1 -7 1.5 0.785398
-2.5 3.5 1.5 -0.785398
-2.5 3.5 1.5 -1.5708
-2.5 3.5 1.5 0
-2.5 2 1.5 -0.785398
-2.5 2 1.5 -1.5708
-2.5 2 1.5 0
-2.5 -4 1.5 1.5708
-2.5 -4 1.5 0.785398
-2.5 -4 1.5 0
-2.5 -5.5 1.5 1.5708
-2.5 -5.5 1.5 0.785398
-2.5 -5.5 1.5 0
-4 2 1.5 -0.785398
-4 2 1.5 0
-4 0.5 1.5 -0.785398
-4 0.5 1.5 0
-4 -1 1.5 -0.785398
-4 -1 1.5 0.785398
-4 -1 1.5 0
-4 -2.5 1.5 0.785398
-4 -2.5 1.5 0
-4 -4 1.5 0.785398
-4 -4 1.5 0
-5.5 -1 1.5 0
27.5 0.5 0 -2.35619
27.5 0.5 0 3.14159
27.5 -1 0 -2.35619
27.5 -1 0 3.14159
27.5 -2.5 0 -2.35619
27.5 -2.5 0 3.14159
27.5 -4 0 -2.35619
27.5 -4 0 3.14159
27.5 -4 0 2.35619
26 3.5 0 -1.5708
26 3.5 0 -2.35619
26 2 0 -1.5708
26 2 0 -2.35619
26 2 0 3.14159
26 0.5 0 -1.5708
26 0.5 0 -2.35619
26 0.5 0 3.14159
26 -2.5 0 -1.5708
26 -2.5 0 -2.35619
26 -2.5 0 3.14159
26 -2.5 0 2.35619
26 -4 0 -2.35619
26 -4 0 3.14159
26 -4 0 2.35619
26 -5.5 0 -2.35619
26 -5.5 0 3.14159
26 -5.5 0 2.35619
26 -7 0 -2.35619
26 -7 0 3.14159
26 -7 0 2.35619
26 -7 0 1.5708
26 -8.5 0 3.14159
26 -8.5 0 2.35619
26 -8.5 0 1.5708
24.5 3.5 0 -1.5708
24.5 3.5 0 -2.35619
24.5 2 0 -1.5708
24.5 2 0 -2.35619
24.5 2 0 3.14159
24.5 -4 0 -1.5708
24.5 -4 0 -2.35619
24.5 -4 0 3.14159
24.5 -4 0 2.35619
24.5 -4 0 1.5708
24.5 -5.5 0 -1.5708
24.5 -5.5 0 -2.35619
24.5 -5.5 0 3.14159
24.5 -5.5 0 2.35619
24.5 -5.5 0 1.5708
24.5 -7 0 -2.35619
24.5 -7 0 3.14159
24.5 -7 0 2.35619
24.5 -7 0 1.5708
24.5 -8.5 0 3.14159
24.5 -8.5 0 2.35619
24.5 -8.5 0 1.5708
24.5 -10 0 2.35619
24.5 -10 0 1.5708
23 5 0 -2.35619
23 3.5 0 -1.5708
23 3.5 0 -2.35619
23 2 0 -1.5708
23 2 0 -2.35619
23 2 0 3.14159
23 -5.5 0 -0.785398
23 -5.5 0 -1.5708
23 -5.5 0 -2.35619
23 -5.5 0 3.14159
23 -5.5 0 2.35619
23 -5.5 0 1.5708
23 -5.5 0 0.785398
23 -7 0 3.14159
23 -7 0 2.35619
23 -7 0 1.5708
23 -7 0 0.785398
23 -8.5 0 2.35619
23 -8.5 0 1.5708
23 -8.5 0 0.785398
23 -10 0 2.35619
23 -10 0 1.5708
21.5 5 0 -1.5708
21.5 5 0 -2.35619
21.5 3.5 0 -0.785398
21.5 3.5 0 -1.5708
21.5 3.5 0 -2.35619
21.5 -5.5 0 -0.785398
21.5 -5.5 0 -1.5708
21.5 -5.5 0 3.14159
21.5 -5.5 0 2.35619
21.5 -5.5 0 1.5708
21.5 -5.5 0 0.785398
21.5 -5.5 0 0
21.5 -7 0 -0.785398
21.5 -7 0 2.35619
21.5 -7 0 1.5708
21.5 -7 0 0.785398
21.5 -7 0 0
21.5 -8.5 0 2.35619
21.5 -8.5 0 1.5708
21.5 -8.5 0 0.785398
21.5 -8.5 0 0
21.5 -10 0 2.35619
21.5 -10 0 1.5708
21.5 -10 0 0.785398
20 5 0 -1.5708
20 5 0 -2.35619
20 3.5 0 -0.785398
20 3.5 0 -1.5708
20 3.5 0 -2.35619
20 -5.5 0 -0.785398
20 -5.5 0 3.14159
20 -5.5 0 2.35619
20 -5.5 0 1.5708
20 -5.5 0 0.785398
20 -5.5 0 0
20 -7 0 -0.785398
20 -7 0 2.35619
20 -7 0 1.5708
20 -7 0 0.785398
20 -7 0 0
20 -8.5 0 2.35619
20 -8.5 0 1.5708
20 -8.5 0 0.785398
20 -8.5 0 0
18.5 5 0 -0.785398
18.5 5 0 -1.5708
18.5 5 0 -2.35619
18.5 3.5 0 -0.785398
18.5 3.5 0 -1.5708
18.5 3.5 0 -2.35619
18.5 -7 0 2.35619
18.5 -7 0 1.5708
18.5 -7 0 0.785398
18.5 -7 0 0
17 5 0 -0.785398
17 5 0 -1.5708
17 5 0 -2.35619
17 3.5 0 -0.785398
17 3.5 0 -1.5708
17 3.5 0 -2.35619
17 -7 0 2.35619
17 -7 0 1.5708
17 -7 0 0.785398
17 -7 0 0
17 -8.5 0 2.35619
17 -8.5 0 1.5708
17 -8.5 0 0.785398
17 -8.5 0 0
17 -10 0 1.5708
17 -10 0 0.785398
17 -10 0 0
8 -10 0 0.785398
3.5 6.5 0 -1.5708
3.5 -8.5 0 2.35619
3.5 -8.5 0 1.5708
3.5 -8.5 0 0.785398
2 6.5 0 -1.5708
2 5 0 -0.785398
2 5 0 -1.5708
2 5 0 -2.35619
2 3.5 0 -0.785398
2 3.5 0 -1.5708
2 3.5 0 -2.35619
2 -7 0 2.35619
2 -7 0 1.5708
2 -7 0 0.785398
2 -8.5 0 1.5708
2 -8.5 0 0.785398
0.5 3.5 0 -0.785398
0.5 3.5 0 -1.5708
0.5 -5.5 0 1.5708
0.5 -5.5 0 0.785398
0.5 -5.5 0 0
0.5 -7 0 1.5708
0.5 -7 0 0.785398
-1 3.5 0 -0.785398
-1 3.5 0 -1.5708
-1 2 0 -0.785398
-1 2 0 -1.5708
-1 2 0 0
-1 -5.5 0 1.5708
-1 -5.5 0 0.785398
-1 -5.5 0 0
-1 -7 0 1.5708
-1 -7 0 0.785398
-2.5 2 0 -0.785398
-2.5 2 0 -1.5708
-2.5 2 0 0
-2.5 -4 0 0.785398
-2.5 -4 0 0
-2.5 -5.5 0 1.5708
-2.5 -5.5 0 0.785398
-2.5 -5.5 0 0
-4 2 0 -0.785398
-4 2 0 0
-4 0.5 0 -0.785398
-4 0.5 0 0
-4 -1 0 -0.785398
-4 -1 0 0.785398
-4 -1 0 0
-4 -2.5 0 0.785398
-4 -2.5 0 0
-4 -4 0 0.785398
-4 -4 0 0
26 0.5 -1.5 -1.5708
26 0.5 -1.5 -2.35619
26 0.5 -1.5 3.14159
26 -1 -1.5 -1.5708
26 -1 -1.5 -2.35619
26 -1 -1.5 3.14159
26 -2.5 -1.5 -1.5708
26 -2.5 -1.5 -2.35619
26 -2.5 -1.5 3.14159
26 -4 -1.5 -2.35619
26 -4 -1.5 3.14159
26 -4 -1.5 2.35619
24.5 3.5 -1.5 -1.5708
24.5 3.5 -1.5 -2.35619
24.5 2 -1.5 -1.5708
24.5 2 -1.5 -2.35619
24.5 2 -1.5 3.14159
24.5 0.5 -1.5 -1.5708
24.5 0.5 -1.5 -2.35619
24.5 0.5 -1.5 3.14159
24.5 -1 -1.5 -1.5708
24.5 -1 -1.5 -2.35619
24.5 -1 -1.5 3.14159
24.5 -2.5 -1.5 -1.5708
24.5 -2.5 -1.5 -2.35619
24.5 -2.5 -1.5 3.14159
24.5 -2.5 -1.5 2.35619
24.5 -4 -1.5 -1.5708
24.5 -4 -1.5 -2.35619
24.5 -4 -1.5 3.14159
24.5 -4 -1.5 2.35619
24.5 -4 -1.5 1.5708
24.5 -5.5 -1.5 -2.35619
24.5 -5.5 -1.5 3.14159
24.5 -5.5 -1.5 2.35619
24.5 -5.5 -1.5 1.5708
23 3.5 -1.5 -1.5708
23 3.5 -1.5 -2.35619
23 2 -1.5 -1.5708
23 2 -1.5 -2.35619
23 2 -1.5 3.14159
23 0.5 -1.5 -1.5708
23 0.5 -1.5 -2.35619
23 0.5 -1.5 3.14159
23 -1 -1.5 -0.785398
23 -1 -1.5 -1.5708
23 -1 -1.5 -2.35619
23 -1 -1.5 3.14159
23 -2.5 -1.5 -0.785398
23 -2.5 -1.5 -1.5708
23 -2.5 -1.5 -2.35619
23 -2.5 -1.5 3.14159
23 -2.5 -1.5 2.35619
23 -2.5 -1.5 1.5708
23 -2.5 -1.5 0.785398
23 -2.5 -1.5 0
23 -4 -1.5 -0.785398
23 -4 -1.5 -1.5708
23 -4 -1.5 -2.35619
23 -4 -1.5 3.14159
23 -4 -1.5 2.35619
23 -4 -1.5 1.5708
23 -4 -1.5 0.785398
23 -5.5 -1.5 -1.5708
23 -5.5 -1.5 -2.35619
23 -5.5 -1.5 3.14159
23 -5.5 -1.5 2.35619
23 -5.5 -1.5 1.5708
23 -5.5 -1.5 0.785398
23 -7 -1.5 -1.5708
23 -7 -1.5 -2.35619
23 -7 -1.5 3.14159
23 -7 -1.5 2.35619
23 -7 -1.5 1.5708
23 -7 -1.5 0.785398
21.5 3.5 -1.5 -0.785398
21.5 3.5 -1.5 -1.5708
21.5 3.5 -1.5 -2.35619
21.5 2 -1.5 -0.785398
21.5 2 -1.5 -1.5708
21.5 2 -1.5 -2.35619
21.5 2 -1.5 3.14159
21.5 0.5 -1.5 -0.785398
21.5 0.5 -1.5 -1.5708
21.5 0.5 -1.5 -2.35619
21.5 0.5 -1.5 3.14159
21.5 -1 -1.5 -0.785398
21.5 -1 -1.5 -1.5708
21.5 -1 -1.5 -2.35619
21.5 -1 -1.5 3.14159
21.5 -1 -1.5 0
21.5 -2.5 -1.5 -0.785398
21.5 -2.5 -1.5 -1.5708
21.5 -2.5 -1.5 -2.35619
21.5 -2.5 -1.5 3.14159
21.5 -2.5 -1.5 2.35619
21.5 -2.5 -1.5 1.5708
21.5 -2.5 -1.5 0.785398
21.5 -2.5 -1.5 0
21.5 -4 -1.5 -0.785398
21.5 -4 -1.5 -1.5708
21.5 -4 -1.5 -2.35619
21.5 -4 -1.5 3.14159
21.5 -4 -1.5 2.35619
21.5 -4 -1.5 1.5708
21.5 -4 -1.5 0.785398
21.5 -4 -1.5 0
21.5 -5.5 -1.5 -0.785398
21.5 -5.5 -1.5 -1.5708
21.5 -5.5 -1.5 3.14159
21.5 -5.5 -1.5 2.35619
21.5 -5.5 -1.5 1.5708
21.5 -5.5 -1.5 0.785398
21.5 -5.5 -1.5 0
21.5 -7 -1.5 -0.785398
21.5 -7 -1.5 2.35619
21.5 -7 -1.5 1.5708
21.5 -7 -1.5 0.785398
21.5 -7 -1.5 0
20 3.5 -1.5 -0.785398
20 3.5 -1.5 -1.5708
20 3.5 -1.5 -2.35619
20 2 -1.5 -0.785398
20 2 -1.5 -1.5708
20 2 -1.5 -2.35619
20 2 -1.5 3.14159
20 -4 -1.5 -0.785398
20 -4 -1.5 -1.5708
20 -4 -1.5 3.14159
20 -4 -1.5 2.35619
20 -4 -1.5 1.5708
20 -4 -1.5 0.785398
20 -4 -1.5 0
20 -5.5 -1.5 -0.785398
20 -5.5 -1.5 3.14159
20 -5.5 -1.5 2.35619
20 -5.5 -1.5 1.5708
20 -5.5 -1.5 0.785398
20 -5.5 -1.5 0
18.5 3.5 -1.5 -0.785398
18.5 3.5 -1.5 -1.5708
18.5 3.5 -1.5 -2.35619
18.5 2 -1.5 -0.785398
18.5 2 -1.5 -1.5708
18.5 2 -1.5 -2.35619
18.5 2 -1.5 3.14159
18.5 -5.5 -1.5 -0.785398
18.5 -5.5 -1.5 3.14159
18.5 -5.5 -1.5 2.35619
18.5 -5.5 -1.5 1.5708
18.5 -5.5 -1.5 0.785398
18.5 -5.5 -1.5 0
18.5 -7 -1.5 2.35619
18.5 -7 -1.5 1.5708
18.5 -7 -1.5 0.785398
18.5 -7 -1.5 0
17 5 -1.5 -0.785398
17 5 -1.5 -1.5708
17 5 -1.5 -2.35619
17 3.5 -1.5 -0.785398
17 3.5 -1.5 -1.5708
17 3.5 -1.5 -2.35619
17 2 -1.5 -0.785398
17 2 -1.5 -1.5708
17 2 -1.5 -2.35619
17 2 -1.5 3.14159
17 -5.5 -1.5 -0.785398
17 -5.5 -1.5 3.14159
17 -5.5 -1.5 2.35619
17 -5.5 -1.5 1.5708
17 -5.5 -1.5 0.785398
17 -5.5 -1.5 0
17 -7 -1.5 2.35619
17 -7 -1.5 1.5708
17 -7 -1.5 0.785398
17 -7 -1.5 0
17 -8.5 -1.5 2.35619
17 -8.5 -1.5 1.5708
17 -8.5 -1.5 0.785398
17 -8.5 -1.5 0
15.5 6.5 -1.5 -2.35619
15.5 5 -1.5 -0.785398
15.5 5 -1.5 -1.5708
15.5 5 -1.5 -2.35619
15.5 3.5 -1.5 -0.785398
15.5 3.5 -1.5 -1.5708
15.5 3.5 -1.5 -2.35619
15.5 3.5 -1.5 3.14159
15.5 2 -1.5 -0.785398
15.5 2 -1.5 -1.5708
15.5 2 -1.5 -2.35619
15.5 2 -1.5 3.14159
15.5 -5.5 -1.5 -0.785398
15.5 -5.5 -1.5 3.14159
15.5 -5.5 -1.5 2.35619
15.5 -5.5 -1.5 1.5708
15.5 -5.5 -1.5 0.785398
15.5 -5.5 -1.5 0
15.5 -7 -1.5 2.35619
15.5 -7 -1.5 1.5708
15.5 -7 -1.5 0.785398
15.5 -7 -1.5 0
15.5 -8.5 -1.5 2.35619
15.5 -8.5 -1.5 1.5708
15.5 -8.5 -1.5 0.785398
15.5 -8.5 -1.5 0
15.5 -10 -1.5 1.5708
15.5 -10 -1.5 0.785398
15.5 -10 -1.5 0
14 6.5 -1.5 -2.35619
14 5 -1.5 -0.785398
14 5 -1.5 -1.5708
14 5 -1.5 -2.35619
14 -8.5 -1.5 2.35619
14 -8.5 -1.5 1.5708
14 -8.5 -1.5 0.785398
14 -10 -1.5 2.35619
12.5 6.5 -1.5 -0.785398
12.5 6.5 -1.5 -2.35619
12.5 -10 -1.5 2.35619
11 6.5 -1.5 -0.785398
11 6.5 -1.5 -2.35619
11 -10 -1.5 2.35619
9.5 6.5 -1.5 -0.785398
9.5 6.5 -1.5 -2.35619
9.5 -10 -1.5 0.785398
8 6.5 -1.5 -0.785398
8 6.5 -1.5 -2.35619
8 -10 -1.5 0.785398
6.5 6.5 -1.5 -0.785398
6.5 6.5 -1.5 -2.35619
6.5 -10 -1.5 0.785398
5 6.5 -1.5 -0.785398
5 6.5 -1.5 -1.5708
5 6.5 -1.5 -2.35619
3.5 6.5 -1.5 -0.785398
3.5 6.5 -1.5 -1.5708
3.5 6.5 -1.5 -2.35619
3.5 5 -1.5 -0.785398
3.5 5 -1.5 -1.5708
3.5 5 -1.5 -2.35619
3.5 -8.5 -1.5 2.35619
3.5 -8.5 -1.5 1.5708
3.5 -8.5 -1.5 0.785398
2 5 -1.5 -0.785398
2 5 -1.5 -1.5708
2 5 -1.5 -2.35619
2 3.5 -1.5 -0.785398
2 3.5 -1.5 -1.5708
2 3.5 -1.5 -2.35619
2 2 -1.5 -0.785398
2 2 -1.5 -1.5708
2 2 -1.5 -2.35619
2 2 -1.5 0
2 -5.5 -1.5 2.35619
2 -5.5 -1.5 1.5708
2 -5.5 -1.5 0.785398
2 -5.5 -1.5 0
2 -7 -1.5 2.35619
2 -7 -1.5 1.5708
2 -7 -1.5 0.785398
2 -8.5 -1.5 1.5708
2 -8.5 -1.5 0.785398
0.5 3.5 -1.5 -0.785398
0.5 3.5 -1.5 -1.5708
0.5 2 -1.5 -0.785398
0.5 2 -1.5 -1.5708
0.5 2 -1.5 -2.35619
0.5 2 -1.5 0
0.5 -5.5 -1.5 1.5708
0.5 -5.5 -1.5 0.785398
0.5 -5.5 -1.5 0
-1 2 -1.5 -0.785398
-1 2 -1.5 -1.5708
-1 2 -1.5 0
-1 -4 -1.5 1.5708
-1 -4 -1.5 0.785398
-1 -4 -1.5 0
-1 -5.5 -1.5 1.5708
-1 -5.5 -1.5 0.785398
-1 -5.5 -1.5 0
-2.5 2 -1.5 -0.785398
-2.5 2 -1.5 0
-2.5 0.5 -1.5 -0.785398
-2.5 0.5 -1.5 0
-2.5 -1 -1.5 -0.785398
-2.5 -1 -1.5 0.785398
-2.5 -1 -1.5 0
-2.5 -2.5 -1.5 0.785398
-2.5 -2.5 -1.5 0
-2.5 -4 -1.5 0.785398
-2.5 -4 -1.5 0
-2.5 -5.5 -1.5 1.5708
-2.5 -5.5 -1.5 0.785398
-2.5 -5.5 -1.5 0
-4 0.5 -1.5 -0.785398
-4 0.5 -1.5 0
-4 -1 -1.5 0
-4 -2.5 -1.5 0.785398
-4 -2.5 -1.5 0
-4 -4 -1.5 0.785398
-4 -4 -1.5 0
24.5 -1 -3 -1.5708
24.5 -1 -3 -2.35619
24.5 -1 -3 3.14159
23 -1 -3 -0.785398
23 -1 -3 -1.5708
23 -1 -3 -2.35619
23 -1 -3 3.14159
23 -2.5 -3 -0.785398
23 -2.5 -3 -1.5708
23 -2.5 -3 -2.35619
23 -2.5 -3 3.14159
21.5 0.5 -3 -0.785398
21.5 0.5 -3 -1.5708
21.5 0.5 -3 -2.35619
21.5 0.5 -3 3.14159
21.5 -1 -3 -0.785398
21.5 -1 -3 -1.5708
21.5 -1 -3 -2.35619
21.5 -1 -3 3.14159
21.5 -2.5 -3 -0.785398
21.5 -2.5 -3 -1.5708
21.5 -2.5 -3 3.14159
21.5 -2.5 -3 2.35619
21.5 -2.5 -3 0
21.5 -4 -3 3.14159
21.5 -4 -3 2.35619
21.5 -4 -3 1.5708
21.5 -4 -3 0.785398
21.5 -4 -3 0
20 2 -3 -0.785398
20 2 -3 -1.5708
20 2 -3 -2.35619
20 2 -3 3.14159
20 0.5 -3 -0.785398
20 0.5 -3 -1.5708
20 0.5 -3 -2.35619
20 0.5 -3 3.14159
20 -1 -3 -0.785398
20 -1 -3 -2.35619
20 -1 -3 3.14159
20 -2.5 -3 -0.785398
20 -2.5 -3 3.14159
20 -2.5 -3 2.35619
20 -2.5 -3 0
20 -4 -3 3.14159
20 -4 -3 2.35619
20 -4 -3 0.785398
20 -4 -3 0
18.5 2 -3 -0.785398
18.5 2 -3 -1.5708
18.5 2 -3 -2.35619
18.5 2 -3 3.14159
18.5 0.5 -3 -0.785398
18.5 0.5 -3 -1.5708
18.5 0.5 -3 -2.35619
18.5 0.5 -3 3.14159
18.5 -1 -3 -0.785398
18.5 -1 -3 -2.35619
18.5 -1 -3 3.14159
18.5 -1 -3 0
18.5 -2.5 -3 -0.785398
18.5 -2.5 -3 3.14159
18.5 -2.5 -3 2.35619
18.5 -2.5 -3 1.5708
18.5 -2.5 -3 0
18.5 -4 -3 3.14159
18.5 -4 -3 2.35619
18.5 -4 -3 1.5708
18.5 -4 -3 0.785398
18.5 -4 -3 0
18.5 -5.5 -3 3.14159
18.5 -5.5 -3 2.35619
18.5 -5.5 -3 1.5708
18.5 -5.5 -3 0.785398
18.5 -5.5 -3 0
17 2 -3 -0.785398
17 2 -3 -1.5708
17 2 -3 -2.35619
17 2 -3 3.14159
17 0.5 -3 -0.785398
17 0.5 -3 -1.5708
17 0.5 -3 -2.35619
17 0.5 -3 3.14159
17 0.5 -3 0
17 -1 -3 -0.785398
17 -1 -3 -1.5708
17 -1 -3 -2.35619
17 -1 -3 3.14159
17 -1 -3 2.35619
17 -1 -3 0
17 -2.5 -3 -0.785398
17 -2.5 -3 3.14159
17 -2.5 -3 2.35619
17 -2.5 -3 1.5708
17 -2.5 -3 0.785398
17 -2.5 -3 0
17 -4 -3 3.14159
17 -4 -3 2.35619
17 -4 -3 1.5708
17 -4 -3 0.785398
17 -4 -3 0
17 -5.5 -3 3.14159
17 -5.5 -3 2.35619
17 -5.5 -3 1.5708
17 -5.5 -3 0.785398
17 -5.5 -3 0
15.5 5 -3 -0.785398
15.5 5 -3 -1.5708
15.5 5 -3 -2.35619
15.5 3.5 -3 -0.785398
15.5 3.5 -3 -1.5708
15.5 3.5 -3 -2.35619
15.5 3.5 -3 3.14159
15.5 2 -3 -0.785398
15.5 2 -3 -1.5708
15.5 2 -3 -2.35619
15.5 2 -3 3.14159
15.5 0.5 -3 -0.785398
15.5 0.5 -3 -1.5708
15.5 0.5 -3 -2.35619
15.5 0.5 -3 3.14159
15.5 0.5 -3 0
15.5 -1 -3 -0.785398
15.5 -1 -3 -1.5708
15.5 -1 -3 -2.35619
15.5 -1 -3 3.14159
15.5 -1 -3 2.35619
15.5 -1 -3 0
15.5 -2.5 -3 3.14159
15.5 -2.5 -3 2.35619
15.5 -2.5 -3 1.5708
15.5 -2.5 -3 0.785398
15.5 -2.5 -3 0
15.5 -4 -3 3.14159
15.5 -4 -3 2.35619
15.5 -4 -3 1.5708
15.5 -4 -3 0.785398
15.5 -4 -3 0
15.5 -5.5 -3 3.14159
15.5 -5.5 -3 2.35619
15.5 -5.5 -3 1.5708
15.5 -5.5 -3 0.785398
15.5 -5.5 -3 0
15.5 -7 -3 2.35619
15.5 -7 -3 1.5708
15.5 -7 -3 0.785398
15.5 -8.5 -3 2.35619
15.5 -8.5 -3 1.5708
15.5 -8.5 -3 0.785398
14 5 -3 -0.785398
14 5 -3 -1.5708
14 5 -3 -2.35619
14 3.5 -3 -0.785398
14 3.5 -3 -1.5708
14 3.5 -3 -2.35619
14 3.5 -3 3.14159
14 2 -3 -0.785398
14 2 -3 -1.5708
14 2 -3 -2.35619
14 2 -3 3.14159
14 0.5 -3 -0.785398
14 0.5 -3 -1.5708
14 0.5 -3 -2.35619
14 0.5 -3 3.14159
14 0.5 -3 0
14 -1 -3 -0.785398
14 -1 -3 -1.5708
14 -1 -3 -2.35619
14 -1 -3 3.14159
14 -1 -3 2.35619
14 -1 -3 0
14 -2.5 -3 -2.35619
14 -2.5 -3 3.14159
14 -2.5 -3 2.35619
14 -2.5 -3 1.5708
14 -2.5 -3 0.785398
14 -2.5 -3 0
14 -4 -3 3.14159
14 -4 -3 2.35619
14 -4 -3 1.5708
14 -4 -3 0.785398
14 -4 -3 0
14 -5.5 -3 3.14159
14 -5.5 -3 2.35619
14 -5.5 -3 1.5708
14 -5.5 -3 0.785398
14 -7 -3 2.35619
14 -7 -3 1.5708
14 -7 -3 0.785398
14 -8.5 -3 2.35619
14 -8.5 -3 1.5708
14 -8.5 -3 0.785398
12.5 6.5 -3 -2.35619
12.5 5 -3 -0.785398
12.5 5 -3 -1.5708
12.5 5 -3 -2.35619
12.5 0.5 -3 -0.785398
12.5 0.5 -3 -1.5708
12.5 0.5 -3 -2.35619
12.5 0.5 -3 3.14159
12.5 0.5 -3 0
12.5 -1 -3 -0.785398
12.5 -1 -3 -1.5708
12.5 -1 -3 -2.35619
12.5 -1 -3 3.14159
12.5 -1 -3 2.35619
12.5 -1 -3 0
12.5 -2.5 -3 -2.35619
12.5 -2.5 -3 3.14159
12.5 -2.5 -3 2.35619
12.5 -2.5 -3 1.5708
12.5 -2.5 -3 0.785398
12.5 -2.5 -3 0
12.5 -4 -3 3.14159
12.5 -4 -3 2.35619
12.5 -4 -3 1.5708
12.5 -4 -3 0.785398
12.5 -4 -3 0
12.5 -8.5 -3 2.35619
12.5 -8.5 -3 1.5708
12.5 -8.5 -3 0.785398
12.5 -10 -3 2.35619
11 0.5 -3 -0.785398
11 0.5 -3 -1.5708
11 0.5 -3 -2.35619
11 0.5 -3 3.14159
11 0.5 -3 0
11 -1 -3 -0.785398
11 -1 -3 -1.5708
11 -1 -3 -2.35619
11 -1 -3 3.14159
11 -1 -3 2.35619
11 -1 -3 0
11 -2.5 -3 -0.785398
11 -2.5 -3 -1.5708
11 -2.5 -3 -2.35619
11 -2.5 -3 3.14159
11 -2.5 -3 2.35619
11 -2.5 -3 1.5708
11 -2.5 -3 0.785398
11 -2.5 -3 0
9.5 6.5 -3 -0.785398
9.5 0.5 -3 -0.785398
9.5 0.5 -3 -1.5708
9.5 0.5 -3 -2.35619
9.5 0.5 -3 3.14159
9.5 0.5 -3 0
9.5 -1 -3 -0.785398
9.5 -1 -3 -1.5708
9.5 -1 -3 -2.35619
9.5 -1 -3 3.14159
9.5 -1 -3 2.35619
9.5 -1 -3 0.785398
9.5 -1 -3 0
9.5 -2.5 -3 -0.785398
9.5 -2.5 -3 -1.5708
9.5 -2.5 -3 -2.35619
9.5 -2.5 -3 3.14159
9.5 -2.5 -3 2.35619
9.5 -2.5 -3 1.5708
9.5 -2.5 -3 0.785398
9.5 -2.5 -3 0
8 5 -3 -0.785398
8 5 -3 -1.5708
8 5 -3 -2.35619
8 3.5 -3 -0.785398
8 3.5 -3 -1.5708
8 3.5 -3 -2.35619
8 2 -3 -0.785398
8 2 -3 -1.5708
8 2 -3 -2.35619
8 2 -3 3.14159
8 2 -3 0
8 0.5 -3 -0.785398
8 0.5 -3 -1.5708
8 0.5 -3 -2.35619
8 0.5 -3 3.14159
8 0.5 -3 0
8 -1 -3 -0.785398
8 -1 -3 -1.5708
8 -1 -3 -2.35619
8 -1 -3 3.14159
8 -1 -3 2.35619
8 -1 -3 0.785398
8 -1 -3 0
8 -2.5 -3 -0.785398
8 -2.5 -3 3.14159
8 -2.5 -3 2.35619
8 -2.5 -3 1.5708
8 -2.5 -3 0.785398
8 -2.5 -3 0
8 -4 -3 3.14159
8 -4 -3 2.35619
8 -4 -3 1.5708
8 -4 -3 0.785398
8 -4 -3 0
8 -5.5 -3 2.35619
8 -5.5 -3 1.5708
8 -5.5 -3 0.785398
8 -5.5 -3 0
8 -7 -3 2.35619
8 -7 -3 1.5708
8 -7 -3 0.785398
8 -8.5 -3 2.35619
8 -8.5 -3 1.5708
8 -8.5 -3 0.785398
8 -10 -3 0.785398
6.5 5 -3 -0.785398
6.5 5 -3 -1.5708
6.5 5 -3 -2.35619
6.5 3.5 -3 -0.785398
6.5 3.5 -3 -1.5708
6.5 3.5 -3 -2.35619
6.5 3.5 -3 0
6.5 2 -3 -0.785398
6.5 2 -3 -1.5708
6.5 2 -3 -2.35619
6.5 2 -3 0
6.5 0.5 -3 -0.785398
6.5 0.5 -3 -1.5708
6.5 0.5 -3 -2.35619
6.5 0.5 -3 3.14159
6.5 0.5 -3 0
6.5 -1 -3 -0.785398
6.5 -1 -3 -1.5708
6.5 -1 -3 -2.35619
6.5 -1 -3 3.14159
6.5 -1 -3 0.785398
6.5 -1 -3 0
6.5 -2.5 -3 -0.785398
6.5 -2.5 -3 3.14159
6.5 -2.5 -3 2.35619
6.5 -2.5 -3 1.5708
6.5 -2.5 -3 0.785398
6.5 -2.5 -3 0
6.5 -4 -3 2.35619
6.5 -4 -3 1.5708
6.5 -4 -3 0.785398
6.5 -4 -3 0
6.5 -5.5 -3 2.35619
6.5 -5.5 -3 1.5708
6.5 -5.5 -3 0.785398
6.5 -5.5 -3 0
6.5 -7 -3 2.35619
6.5 -7 -3 1.5708
6.5 -7 -3 0.785398
6.5 -8.5 -3 2.35619
6.5 -8.5 -3 1.5708
6.5 -8.5 -3 0.785398
5 5 -3 -0.785398
5 5 -3 -1.5708
5 5 -3 -2.35619
5 3.5 -3 -0.785398
5 3.5 -3 -1.5708
5 3.5 -3 -2.35619
5 3.5 -3 0
5 2 -3 -0.785398
5 2 -3 -1.5708
5 2 -3 -2.35619
5 2 -3 0
5 0.5 -3 -0.785398
5 0.5 -3 -1.5708
5 0.5 -3 -2.35619
5 0.5 -3 0
5 -1 -3 -0.785398
5 -1 -3 -1.5708
5 -1 -3 -2.35619
5 -1 -3 3.14159
5 -1 -3 0
5 -2.5 -3 3.14159
5 -2.5 -3 2.35619
5 -2.5 -3 1.5708
5 -2.5 -3 0.785398
5 -2.5 -3 0
5 -4 -3 2.35619
5 -4 -3 1.5708
5 -4 -3 0.785398
5 -4 -3 0
5 -5.5 -3 2.35619
5 -5.5 -3 1.5708
5 -5.5 -3 0.785398
5 -5.5 -3 0
5 -7 -3 2.35619
5 -7 -3 1.5708
5 -7 -3 0.785398
5 -8.5 -3 2.35619
5 -8.5 -3 1.5708
5 -8.5 -3 0.785398
3.5 5 -3 -0.785398
3.5 5 -3 -1.5708
3.5 3.5 -3 -0.785398
3.5 3.5 -3 -1.5708
3.5 3.5 -3 -2.35619
3.5 2 -3 -0.785398
3.5 2 -3 -1.5708
3.5 2 -3 -2.35619
3.5 2 -3 0
3.5 -4 -3 2.35619
3.5 -4 -3 1.5708
3.5 -4 -3 0.785398
3.5 -4 -3 0
3.5 -5.5 -3 2.35619
3.5 -5.5 -3 1.5708
3.5 -5.5 -3 0.785398
3.5 -5.5 -3 0
3.5 -8.5 -3 1.5708
3.5 -8.5 -3 0.785398
2 3.5 -3 -0.785398
2 3.5 -3 -1.5708
2 2 -3 -0.785398
2 2 -3 -1.5708
2 2 -3 0
2 -4 -3 1.5708
2 -4 -3 0.785398
2 -4 -3 0
2 -5.5 -3 1.5708
2 -5.5 -3 0.785398
2 -5.5 -3 0
0.5 2 -3 -0.785398
0.5 2 -3 -1.5708
0.5 2 -3 0
0.5 0.5 -3 -0.785398
0.5 0.5 -3 0
0.5 -4 -3 0.785398
0.5 -4 -3 0
0.5 -5.5 -3 1.5708
0.5 -5.5 -3 0.785398
0.5 -5.5 -3 0
-1 2 -3 -0.785398
-1 2 -3 0
-1 0.5 -3 -0.785398
-1 0.5 -3 0
-1 -1 -3 0
-1 -2.5 -3 0.785398
-1 -2.5 -3 0
-1 -4 -3 0.785398
-1 -4 -3 0
-2.5 0.5 -3 -0.785398
-2.5 0.5 -3 0
-2.5 -1 -3 0
-2.5 -4 -3 0.785398
-2.5 -4 -3 0
15.5 -1 -4.5 -0.785398
15.5 -1 -4.5 -2.35619
15.5 -1 -4.5 3.14159
15.5 -1 -4.5 2.35619
15.5 -1 -4.5 0
15.5 -2.5 -4.5 3.14159
15.5 -2.5 -4.5 2.35619
15.5 -2.5 -4.5 0
14 3.5 -4.5 -1.5708
14 3.5 -4.5 -2.35619
14 2 -4.5 -1.5708
14 2 -4.5 -2.35619
14 2 -4.5 3.14159
14 -1 -4.5 -2.35619
14 -1 -4.5 3.14159
14 -1 -4.5 2.35619
14 -2.5 -4.5 -2.35619
14 -2.5 -4.5 3.14159
14 -2.5 -4.5 2.35619
14 -5.5 -4.5 3.14159
14 -5.5 -4.5 2.35619
14 -5.5 -4.5 1.5708
14 -7 -4.5 2.35619
14 -7 -4.5 1.5708
12.5 6.5 -4.5 -1.5708
12.5 6.5 -4.5 -2.35619
12.5 5 -4.5 -1.5708
12.5 5 -4.5 -2.35619
12.5 3.5 -4.5 -0.785398
12.5 3.5 -4.5 -1.5708
12.5 3.5 -4.5 -2.35619
12.5 2 -4.5 -0.785398
12.5 2 -4.5 -1.5708
12.5 2 -4.5 -2.35619
12.5 2 -4.5 3.14159
12.5 0.5 -4.5 -0.785398
12.5 0.5 -4.5 -1.5708
12.5 0.5 -4.5 -2.35619
12.5 0.5 -4.5 3.14159
12.5 0.5 -4.5 2.35619
12.5 -1 -4.5 -1.5708
12.5 -1 -4.5 -2.35619
12.5 -1 -4.5 3.14159
12.5 -1 -4.5 2.35619
12.5 -2.5 -4.5 -2.35619
12.5 -2.5 -4.5 3.14159
12.5 -2.5 -4.5 2.35619
12.5 -2.5 -4.5 1.5708
12.5 -2.5 -4.5 0.785398
12.5 -4 -4.5 3.14159
12.5 -4 -4.5 2.35619
12.5 -4 -4.5 1.5708
12.5 -4 -4.5 0.785398
12.5 -5.5 -4.5 3.14159
12.5 -5.5 -4.5 2.35619
12.5 -5.5 -4.5 1.5708
12.5 -5.5 -4.5 0.785398
12.5 -7 -4.5 2.35619
12.5 -7 -4.5 1.5708
12.5 -7 -4.5 0.785398
12.5 -8.5 -4.5 2.35619
12.5 -8.5 -4.5 1.5708
11 6.5 -4.5 -1.5708
11 5 -4.5 -0.785398
11 5 -4.5 -1.5708
11 5 -4.5 -2.35619
11 3.5 -4.5 -0.785398
11 3.5 -4.5 -1.5708
11 3.5 -4.5 -2.35619
11 2 -4.5 -0.785398
11 2 -4.5 -1.5708
11 2 -4.5 -2.35619
11 2 -4.5 3.14159
11 0.5 -4.5 -0.785398
11 0.5 -4.5 -1.5708
11 0.5 -4.5 -2.35619
11 0.5 -4.5 3.14159
11 0.5 -4.5 0
11 -1 -4.5 -0.785398
11 -1 -4.5 -1.5708
11 -1 -4.5 -2.35619
11 -1 -4.5 3.14159
11 -1 -4.5 2.35619
11 -1 -4.5 1.5708
11 -1 -4.5 0
11 -2.5 -4.5 -0.785398
11 -2.5 -4.5 -1.5708
11 -2.5 -4.5 -2.35619
11 -2.5 -4.5 3.14159
11 -2.5 -4.5 2.35619
11 -2.5 -4.5 1.5708
11 -2.5 -4.5 0.785398
11 -2.5 -4.5 0
11 -4 -4.5 3.14159
11 -4 -4.5 2.35619
11 -4 -4.5 1.5708
11 -4 -4.5 0.785398
11 -5.5 -4.5 3.14159
11 -5.5 -4.5 2.35619
11 -5.5 -4.5 1.5708
11 -5.5 -4.5 0.785398
11 -7 -4.5 3.14159
11 -7 -4.5 2.35619
11 -7 -4.5 1.5708
11 -7 -4.5 0.785398
11 -8.5 -4.5 2.35619
11 -8.5 -4.5 1.5708
11 -8.5 -4.5 0.785398
9.5 6.5 -4.5 -0.785398
9.5 6.5 -4.5 -1.5708
9.5 5 -4.5 -0.785398
9.5 5 -4.5 -1.5708
9.5 5 -4.5 -2.35619
9.5 3.5 -4.5 -0.785398
9.5 3.5 -4.5 -1.5708
9.5 3.5 -4.5 -2.35619
9.5 2 -4.5 -0.785398
9.5 2 -4.5 -1.5708
9.5 2 -4.5 -2.35619
9.5 0.5 -4.5 -0.785398
9.5 0.5 -4.5 -1.5708
9.5 0.5 -4.5 -2.35619
9.5 0.5 -4.5 3.14159
9.5 0.5 -4.5 0
9.5 -1 -4.5 -0.785398
9.5 -1 -4.5 -1.5708
9.5 -1 -4.5 -2.35619
9.5 -1 -4.5 3.14159
9.5 -1 -4.5 1.5708
9.5 -1 -4.5 0.785398
9.5 -1 -4.5 0
9.5 -2.5 -4.5 -0.785398
9.5 -2.5 -4.5 -1.5708
9.5 -2.5 -4.5 -2.35619
9.5 -2.5 -4.5 3.14159
9.5 -2.5 -4.5 2.35619
9.5 -2.5 -4.5 1.5708
9.5 -2.5 -4.5 0.785398
9.5 -2.5 -4.5 0
9.5 -4 -4.5 3.14159
9.5 -4 -4.5 2.35619
9.5 -4 -4.5 1.5708
9.5 -4 -4.5 0.785398
9.5 -4 -4.5 0
9.5 -5.5 -4.5 3.14159
9.5 -5.5 -4.5 2.35619
9.5 -5.5 -4.5 1.5708
9.5 -5.5 -4.5 0.785398
9.5 -7 -4.5 2.35619
9.5 -7 -4.5 1.5708
9.5 -7 -4.5 0.785398
9.5 -8.5 -4.5 2.35619
9.5 -8.5 -4.5 1.5708
9.5 -8.5 -4.5 0.785398
8 5 -4.5 -0.785398
8 5 -4.5 -1.5708
8 5 -4.5 -2.35619
8 3.5 -4.5 -0.785398
8 3.5 -4.5 -1.5708
8 3.5 -4.5 -2.35619
8 2 -4.5 -0.785398
8 2 -4.5 -1.5708
8 2 -4.5 -2.35619
8 2 -4.5 0
8 0.5 -4.5 -0.785398
8 0.5 -4.5 -1.5708
8 0.5 -4.5 -2.35619
8 0.5 -4.5 3.14159
8 0.5 -4.5 0
8 -1 -4.5 -0.785398
8 -1 -4.5 -1.5708
8 -1 -4.5 -2.35619
8 -1 -4.5 3.14159
8 -1 -4.5 2.35619
8 -1 -4.5 0.785398
8 -1 -4.5 0
8 -2.5 -4.5 -0.785398
8 -2.5 -4.5 -2.35619
8 -2.5 -4.5 3.14159
8 -2.5 -4.5 2.35619
8 -2.5 -4.5 1.5708
8 -2.5 -4.5 0.785398
8 -2.5 -4.5 0
8 -4 -4.5 -2.35619
8 -4 -4.5 3.14159
8 -4 -4.5 2.35619
8 -4 -4.5 1.5708
8 -4 -4.5 0.785398
8 -4 -4.5 0
8 -5.5 -4.5 3.14159
8 -5.5 -4.5 2.35619
8 -5.5 -4.5 1.5708
8 -5.5 -4.5 0.785398
8 -5.5 -4.5 0
8 -7 -4.5 2.35619
8 -7 -4.5 1.5708
8 -7 -4.5 0.785398
8 -8.5 -4.5 2.35619
8 -8.5 -4.5 1.5708
8 -8.5 -4.5 0.785398
6.5 3.5 -4.5 -0.785398
6.5 3.5 -4.5 -1.5708
6.5 3.5 -4.5 0
6.5 2 -4.5 -0.785398
6.5 2 -4.5 -1.5708
6.5 2 -4.5 -2.35619
6.5 2 -4.5 0
6.5 0.5 -4.5 -0.785398
6.5 0.5 -4.5 -1.5708
6.5 0.5 -4.5 -2.35619
6.5 0.5 -4.5 0
6.5 -1 -4.5 -0.785398
6.5 -1 -4.5 -1.5708
6.5 -1 -4.5 -2.35619
6.5 -1 -4.5 0.785398
6.5 -1 -4.5 0
6.5 -2.5 -4.5 -0.785398
6.5 -2.5 -4.5 -1.5708
6.5 -2.5 -4.5 -2.35619
6.5 -2.5 -4.5 3.14159
6.5 -2.5 -4.5 2.35619
6.5 -2.5 -4.5 1.5708
6.5 -2.5 -4.5 0.785398
6.5 -2.5 -4.5 0
6.5 -5.5 -4.5 2.35619
6.5 -5.5 -4.5 1.5708
6.5 -5.5 -4.5 0.785398
6.5 -5.5 -4.5 0
6.5 -7 -4.5 2.35619
6.5 -7 -4.5 1.5708
6.5 -7 -4.5 0.785398
5 3.5 -4.5 -0.785398
5 3.5 -4.5 -1.5708
5 3.5 -4.5 0
5 2 -4.5 -0.785398
5 2 -4.5 -1.5708
5 2 -4.5 0
5 0.5 -4.5 -0.785398
5 0.5 -4.5 -1.5708
5 0.5 -4.5 0
5 -1 -4.5 -0.785398
5 -1 -4.5 -1.5708
5 -1 -4.5 0.785398
5 -1 -4.5 0
5 -2.5 -4.5 -0.785398
5 -2.5 -4.5 -1.5708
5 -2.5 -4.5 1.5708
5 -2.5 -4.5 0.785398
5 -2.5 -4.5 0
5 -4 -4.5 1.5708
5 -4 -4.5 0.785398
5 -4 -4.5 0
5 -5.5 -4.5 1.5708
5 -5.5 -4.5 0.785398
5 -5.5 -4.5 0
5 -7 -4.5 1.5708
5 -7 -4.5 0.785398
3.5 2 -4.5 -0.785398
3.5 2 -4.5 -1.5708
3.5 2 -4.5 0
3.5 0.5 -4.5 -0.785398
3.5 0.5 -4.5 -1.5708
3.5 0.5 -4.5 0
3.5 -1 -4.5 -0.785398
3.5 -1 -4.5 0.785398
3.5 -1 -4.5 0
3.5 -2.5 -4.5 -0.785398
3.5 -2.5 -4.5 0.785398
3.5 -2.5 -4.5 0
3.5 -4 -4.5 -0.785398
3.5 -4 -4.5 0.785398
3.5 -4 -4.5 0
2 2 -4.5 -0.785398
2 2 -4.5 0
2 0.5 -4.5 -0.785398
2 0.5 -4.5 0
2 -1 -4.5 -0.785398
2 -1 -4.5 0
2 -2.5 -4.5 -0.785398
2 -2.5 -4.5 0.785398
2 -2.5 -4.5 0
2 -4 -4.5 0.785398
2 -4 -4.5 0
0.5 0.5 -4.5 -0.785398
0.5 0.5 -4.5 0
0.5 -1 -4.5 -0.785398
0.5 -1 -4.5 0
0.5 -2.5 -4.5 -0.785398
0.5 -2.5 -4.5 0.785398
0.5 -2.5 -4.5 0
0.5 -4 -4.5 0.785398
0.5 -4 -4.5 0
