7.5 0 5 3.14159
5 2.5 5 -2.35619
5 2.5 5 3.14159
5 0 5 -2.35619
5 0 5 3.14159
5 0 5 2.35619
5 -2.5 5 3.14159
5 -2.5 5 2.35619
2.5 2.5 5 -1.5708
2.5 2.5 5 -2.35619
2.5 2.5 5 3.14159
2.5 0 5 -2.35619
2.5 0 5 3.14159
2.5 0 5 2.35619
2.5 -2.5 5 3.14159
2.5 -2.5 5 2.35619
2.5 -2.5 5 1.5708
0 5 5 -0.785398
0 5 5 -1.5708
0 5 5 -2.35619
0 2.5 5 -0.785398
0 2.5 5 -1.5708
0 2.5 5 -2.35619
0 2.5 5 3.14159
0 2.5 5 0
0 0 5 3.14159
0 0 5 0
0 -2.5 5 3.14159
0 -2.5 5 2.35619
0 -2.5 5 1.5708
0 -2.5 5 0.785398
0 -2.5 5 0
0 -5 5 2.35619
0 -5 5 1.5708
0 -5 5 0.785398
-2.5 5 5 -0.785398
-2.5 5 5 -1.5708
-2.5 2.5 5 -0.785398
-2.5 2.5 5 -1.5708
-2.5 2.5 5 0
-2.5 -2.5 5 1.5708
-2.5 -2.5 5 0.785398
-2.5 -2.5 5 0
-2.5 -5 5 1.5708
-2.5 -5 5 0.785398
-5 2.5 5 -0.785398
-5 2.5 5 -1.5708
-5 2.5 5 0
-5 0 5 -0.785398
-5 0 5 0.785398
-5 0 5 0
-5 -2.5 5 1.5708
-5 -2.5 5 0.785398
-5 -2.5 5 0
10 2.5 2.5 -2.35619
10 2.5 2.5 3.14159
10 0 2.5 3.14159
10 -2.5 2.5 3.14159
10 -2.5 2.5 2.35619
7.5 2.5 2.5 -1.5708
7.5 2.5 2.5 -2.35619
7.5 2.5 2.5 3.14159
7.5 -2.5 2.5 3.14159
7.5 -2.5 2.5 2.35619
7.5 -2.5 2.5 1.5708
5 5 2.5 -1.5708
5 5 2.5 -2.35619
5 5 2.5 3.14159
5 -5 2.5 3.14159
5 -5 2.5 2.35619
5 -5 2.5 1.5708
2.5 5 2.5 -0.785398
2.5 5 2.5 -1.5708
2.5 5 2.5 -2.35619
2.5 5 2.5 3.14159
2.5 -5 2.5 3.14159
2.5 -5 2.5 2.35619
2.5 -5 2.5 1.5708
2.5 -5 2.5 0.785398
0 7.5 2.5 -1.5708
0 7.5 2.5 -2.35619
0 -7.5 2.5 2.35619
0 -7.5 2.5 1.5708
-2.5 7.5 2.5 -0.785398
-2.5 7.5 2.5 -1.5708
-2.5 -7.5 2.5 1.5708
-2.5 -7.5 2.5 0.785398
-5 5 2.5 -0.785398
-5 5 2.5 -1.5708
-5 5 2.5 0
-5 -5 2.5 1.5708
-5 -5 2.5 0.785398
-5 -5 2.5 0
-7.5 2.5 2.5 -0.785398
-7.5 2.5 2.5 0
-7.5 0 2.5 -0.785398
-7.5 0 2.5 0.785398
-7.5 0 2.5 0
-7.5 -2.5 2.5 0.785398
-7.5 -2.5 2.5 0
5 5 0 -1.5708
5 5 0 -2.35619
5 -5 0 2.35619
5 -5 0 1.5708
2.5 5 0 -1.5708
2.5 5 0 -2.35619
2.5 -5 0 2.35619
2.5 -5 0 1.5708
0 -7.5 0 0.785398
-5 -5 0 0.785398
-7.5 -2.5 0 0.785398
