7.5 7.5 8.5 -2.35619
7.5 5 8.5 2.35619
5 12.5 8.5 -1.5708
5 10 8.5 -2.35619
5 2.5 8.5 2.35619
5 2.5 8.5 1.5708
2.5 12.5 8.5 -1.5708
2.5 10 8.5 3.14159
2.5 7.5 8.5 3.14159
2.5 5 8.5 3.14159
2.5 5 8.5 2.35619
2.5 2.5 8.5 1.5708
2.5 0 8.5 -2.35619
2.5 -7.5 8.5 2.35619
0 10 8.5 -0.785398
0 2.5 8.5 2.35619
0 2.5 8.5 1.5708
0 2.5 8.5 0.785398
-2.5 10 8.5 0
-2.5 7.5 8.5 -0.785398
-2.5 7.5 8.5 0
-2.5 5 8.5 0.785398
-2.5 5 8.5 0
-2.5 2.5 8.5 1.5708
-2.5 0 8.5 -0.785398
-2.5 -7.5 8.5 0.785398
-5 10 8.5 -0.785398
-5 2.5 8.5 1.5708
-5 2.5 8.5 0.785398
-7.5 7.5 8.5 -0.785398
-7.5 5 8.5 0.785398
7.5 0 6 -2.35619
7.5 0 6 3.14159
7.5 0 6 2.35619
7.5 0 6 1.5708
7.5 -2.5 6 2.35619
7.5 -2.5 6 1.5708
5 0 6 -2.35619
5 0 6 3.14159
5 0 6 2.35619
5 0 6 1.5708
2.5 12.5 6 -0.785398
2.5 12.5 6 -1.5708
2.5 12.5 6 -2.35619
2.5 -2.5 6 -1.5708
2.5 -2.5 6 -2.35619
2.5 -2.5 6 3.14159
2.5 -2.5 6 2.35619
2.5 -2.5 6 1.5708
2.5 -2.5 6 0.785398
2.5 -5 6 3.14159
2.5 -5 6 2.35619
2.5 -5 6 1.5708
2.5 -7.5 6 2.35619
2.5 -7.5 6 1.5708
2.5 -10 6 2.35619
2.5 -10 6 1.5708
2.5 -12.5 6 2.35619
2.5 -12.5 6 1.5708
0 12.5 6 -0.785398
0 12.5 6 -1.5708
0 12.5 6 -2.35619
-2.5 12.5 6 -0.785398
-2.5 12.5 6 -1.5708
-2.5 12.5 6 -2.35619
-2.5 -2.5 6 -0.785398
-2.5 -2.5 6 -1.5708
-2.5 -2.5 6 2.35619
-2.5 -2.5 6 1.5708
-2.5 -2.5 6 0.785398
-2.5 -2.5 6 0
-2.5 -5 6 1.5708
-2.5 -5 6 0.785398
-2.5 -5 6 0
-2.5 -7.5 6 1.5708
-2.5 -7.5 6 0.785398
-2.5 -10 6 1.5708
-2.5 -10 6 0.785398
-2.5 -12.5 6 1.5708
-2.5 -12.5 6 0.785398
-5 0 6 -0.785398
-5 0 6 1.5708
-5 0 6 0.785398
-5 0 6 0
-7.5 0 6 -0.785398
-7.5 0 6 1.5708
-7.5 0 6 0.785398
-7.5 0 6 0
-7.5 -2.5 6 1.5708
-7.5 -2.5 6 0.785398
10 7.5 3.5 -2.35619
10 7.5 3.5 3.14159
10 5 3.5 -2.35619
10 5 3.5 3.14159
10 5 3.5 2.35619
10 2.5 3.5 3.14159
10 2.5 3.5 2.35619
10 0 3.5 3.14159
10 0 3.5 2.35619
7.5 10 3.5 -1.5708
7.5 10 3.5 -2.35619
7.5 10 3.5 3.14159
7.5 7.5 3.5 -1.5708
7.5 7.5 3.5 -2.35619
7.5 7.5 3.5 3.14159
7.5 5 3.5 -2.35619
7.5 5 3.5 3.14159
7.5 5 3.5 2.35619
7.5 2.5 3.5 -2.35619
7.5 2.5 3.5 3.14159
7.5 2.5 3.5 2.35619
7.5 0 3.5 -2.35619
7.5 0 3.5 3.14159
7.5 0 3.5 2.35619
7.5 0 3.5 1.5708
7.5 -2.5 3.5 3.14159
7.5 -2.5 3.5 2.35619
7.5 -2.5 3.5 1.5708
7.5 -5 3.5 3.14159
7.5 -5 3.5 2.35619
5 12.5 3.5 -1.5708
5 12.5 3.5 -2.35619
5 10 3.5 -1.5708
5 10 3.5 -2.35619
5 10 3.5 3.14159
5 7.5 3.5 -1.5708
5 7.5 3.5 -2.35619
5 7.5 3.5 3.14159
5 5 3.5 -1.5708
5 5 3.5 -2.35619
5 5 3.5 3.14159
5 5 3.5 2.35619
5 5 3.5 1.5708
5 2.5 3.5 -2.35619
5 2.5 3.5 3.14159
5 2.5 3.5 2.35619
5 2.5 3.5 1.5708
5 2.5 3.5 0.785398
5 0 3.5 -2.35619
5 0 3.5 3.14159
5 0 3.5 2.35619
5 0 3.5 1.5708
5 -2.5 3.5 -2.35619
5 -2.5 3.5 3.14159
5 -2.5 3.5 2.35619
5 -2.5 3.5 1.5708
5 -5 3.5 -2.35619
5 -5 3.5 3.14159
5 -5 3.5 2.35619
5 -5 3.5 1.5708
5 -7.5 3.5 3.14159
5 -7.5 3.5 2.35619
5 -10 3.5 3.14159
5 -10 3.5 2.35619
2.5 12.5 3.5 -1.5708
2.5 12.5 3.5 -2.35619
2.5 10 3.5 -0.785398
2.5 10 3.5 -1.5708
2.5 10 3.5 -2.35619
2.5 10 3.5 3.14159
2.5 7.5 3.5 -0.785398
2.5 7.5 3.5 -1.5708
2.5 7.5 3.5 -2.35619
2.5 7.5 3.5 3.14159
2.5 7.5 3.5 2.35619
2.5 5 3.5 -0.785398
2.5 5 3.5 -1.5708
2.5 5 3.5 -2.35619
2.5 5 3.5 3.14159
2.5 5 3.5 2.35619
2.5 5 3.5 1.5708
2.5 5 3.5 0.785398
2.5 5 3.5 0
2.5 2.5 3.5 -0.785398
2.5 2.5 3.5 -1.5708
2.5 2.5 3.5 -2.35619
2.5 2.5 3.5 3.14159
2.5 2.5 3.5 2.35619
2.5 2.5 3.5 1.5708
2.5 2.5 3.5 0.785398
2.5 2.5 3.5 0
2.5 0 3.5 -1.5708
2.5 0 3.5 -2.35619
2.5 0 3.5 3.14159
2.5 0 3.5 2.35619
2.5 0 3.5 1.5708
2.5 0 3.5 0.785398
2.5 -2.5 3.5 -1.5708
2.5 -2.5 3.5 -2.35619
2.5 -2.5 3.5 3.14159
2.5 -2.5 3.5 2.35619
2.5 -2.5 3.5 1.5708
2.5 -2.5 3.5 0.785398
2.5 -5 3.5 -2.35619
2.5 -5 3.5 3.14159
2.5 -5 3.5 2.35619
2.5 -5 3.5 1.5708
2.5 -7.5 3.5 -2.35619
2.5 -7.5 3.5 3.14159
2.5 -7.5 3.5 2.35619
2.5 -7.5 3.5 1.5708
2.5 -10 3.5 2.35619
2.5 -10 3.5 1.5708
2.5 -12.5 3.5 2.35619
2.5 -12.5 3.5 1.5708
0 12.5 3.5 -0.785398
0 12.5 3.5 -1.5708
0 12.5 3.5 -2.35619
0 10 3.5 -0.785398
0 10 3.5 -1.5708
0 10 3.5 -2.35619
0 7.5 3.5 -0.785398
0 7.5 3.5 -1.5708
0 7.5 3.5 -2.35619
0 7.5 3.5 3.14159
0 7.5 3.5 2.35619
0 7.5 3.5 0.785398
0 7.5 3.5 0
0 5 3.5 -0.785398
0 5 3.5 -1.5708
0 5 3.5 -2.35619
0 5 3.5 3.14159
0 5 3.5 2.35619
0 5 3.5 1.5708
0 5 3.5 0.785398
0 5 3.5 0
0 2.5 3.5 -0.785398
0 2.5 3.5 -1.5708
0 2.5 3.5 -2.35619
0 2.5 3.5 3.14159
0 2.5 3.5 2.35619
0 2.5 3.5 1.5708
0 2.5 3.5 0.785398
0 2.5 3.5 0
0 0 3.5 -0.785398
0 0 3.5 -1.5708
0 0 3.5 -2.35619
0 0 3.5 3.14159
0 0 3.5 2.35619
0 0 3.5 1.5708
0 0 3.5 0.785398
0 0 3.5 0
0 -2.5 3.5 -0.785398
0 -2.5 3.5 -1.5708
0 -2.5 3.5 -2.35619
0 -2.5 3.5 3.14159
0 -2.5 3.5 2.35619
0 -2.5 3.5 1.5708
0 -2.5 3.5 0.785398
0 -2.5 3.5 0
0 -5 3.5 -1.5708
0 -5 3.5 2.35619
0 -5 3.5 1.5708
0 -5 3.5 0.785398
0 -7.5 3.5 2.35619
0 -7.5 3.5 1.5708
0 -7.5 3.5 0.785398
0 -10 3.5 1.5708
0 -12.5 3.5 1.5708
-2.5 12.5 3.5 -0.785398
-2.5 12.5 3.5 -1.5708
-2.5 10 3.5 -0.785398
-2.5 10 3.5 -1.5708
-2.5 10 3.5 -2.35619
-2.5 10 3.5 0
-2.5 7.5 3.5 -0.785398
-2.5 7.5 3.5 -1.5708
-2.5 7.5 3.5 -2.35619
-2.5 7.5 3.5 0.785398
-2.5 7.5 3.5 0
-2.5 5 3.5 -0.785398
-2.5 5 3.5 -1.5708
-2.5 5 3.5 -2.35619
-2.5 5 3.5 3.14159
-2.5 5 3.5 2.35619
-2.5 5 3.5 1.5708
-2.5 5 3.5 0.785398
-2.5 5 3.5 0
-2.5 2.5 3.5 -0.785398
-2.5 2.5 3.5 -1.5708
-2.5 2.5 3.5 -2.35619
-2.5 2.5 3.5 3.14159
-2.5 2.5 3.5 2.35619
-2.5 2.5 3.5 1.5708
-2.5 2.5 3.5 0.785398
-2.5 2.5 3.5 0
-2.5 0 3.5 -0.785398
-2.5 0 3.5 -1.5708
-2.5 0 3.5 2.35619
-2.5 0 3.5 1.5708
-2.5 0 3.5 0.785398
-2.5 0 3.5 0
-2.5 -2.5 3.5 -0.785398
-2.5 -2.5 3.5 -1.5708
-2.5 -2.5 3.5 2.35619
-2.5 -2.5 3.5 1.5708
-2.5 -2.5 3.5 0.785398
-2.5 -2.5 3.5 0
-2.5 -5 3.5 -0.785398
-2.5 -5 3.5 1.5708
-2.5 -5 3.5 0.785398
-2.5 -5 3.5 0
-2.5 -7.5 3.5 -0.785398
-2.5 -7.5 3.5 1.5708
-2.5 -7.5 3.5 0.785398
-2.5 -7.5 3.5 0
-2.5 -10 3.5 1.5708
-2.5 -10 3.5 0.785398
-2.5 -12.5 3.5 1.5708
-2.5 -12.5 3.5 0.785398
-5 12.5 3.5 -0.785398
-5 12.5 3.5 -1.5708
-5 10 3.5 -0.785398
-5 10 3.5 -1.5708
-5 10 3.5 0
-5 7.5 3.5 -0.785398
-5 7.5 3.5 -1.5708
-5 7.5 3.5 0
-5 5 3.5 -0.785398
-5 5 3.5 -1.5708
-5 5 3.5 -2.35619
-5 5 3.5 1.5708
-5 5 3.5 0.785398
-5 5 3.5 0
-5 2.5 3.5 -0.785398
-5 2.5 3.5 1.5708
-5 2.5 3.5 0.785398
-5 2.5 3.5 0
-5 0 3.5 -0.785398
-5 0 3.5 1.5708
-5 0 3.5 0.785398
-5 0 3.5 0
-5 -2.5 3.5 -0.785398
-5 -2.5 3.5 1.5708
-5 -2.5 3.5 0.785398
-5 -2.5 3.5 0
-5 -5 3.5 -0.785398
-5 -5 3.5 1.5708
-5 -5 3.5 0.785398
-5 -5 3.5 0
-5 -7.5 3.5 0.785398
-5 -7.5 3.5 0
-5 -10 3.5 0.785398
-5 -10 3.5 0
-7.5 10 3.5 -0.785398
-7.5 10 3.5 -1.5708
-7.5 10 3.5 0
-7.5 7.5 3.5 -0.785398
-7.5 7.5 3.5 -1.5708
-7.5 7.5 3.5 0
-7.5 5 3.5 -0.785398
-7.5 5 3.5 0.785398
-7.5 5 3.5 0
-7.5 2.5 3.5 -0.785398
-7.5 2.5 3.5 0.785398
-7.5 2.5 3.5 0
-7.5 0 3.5 -0.785398
-7.5 0 3.5 1.5708
-7.5 0 3.5 0.785398
-7.5 0 3.5 0
-7.5 -2.5 3.5 1.5708
-7.5 -2.5 3.5 0.785398
-7.5 -2.5 3.5 0
-7.5 -5 3.5 0.785398
-7.5 -5 3.5 0
-10 7.5 3.5 -0.785398
-10 7.5 3.5 0
-10 5 3.5 -0.785398
-10 5 3.5 0.785398
-10 5 3.5 0
-10 2.5 3.5 0.785398
-10 2.5 3.5 0
-10 0 3.5 0.785398
-10 0 3.5 0
7.5 7.5 1 -2.35619
7.5 5 1 -2.35619
7.5 5 1 3.14159
7.5 2.5 1 3.14159
7.5 2.5 1 2.35619
7.5 0 1 3.14159
7.5 0 1 2.35619
5 10 1 -2.35619
5 7.5 1 -2.35619
5 7.5 1 3.14159
5 5 1 -2.35619
5 5 1 3.14159
5 2.5 1 -2.35619
5 2.5 1 3.14159
5 2.5 1 2.35619
5 0 1 -2.35619
5 0 1 3.14159
5 0 1 2.35619
5 -2.5 1 -2.35619
5 -2.5 1 3.14159
5 -2.5 1 2.35619
5 -2.5 1 1.5708
5 -5 1 3.14159
5 -5 1 2.35619
5 -7.5 1 3.14159
5 -7.5 1 2.35619
2.5 12.5 1 -1.5708
2.5 10 1 -1.5708
2.5 10 1 -2.35619
2.5 7.5 1 -1.5708
2.5 7.5 1 -2.35619
2.5 7.5 1 3.14159
2.5 5 1 -1.5708
2.5 5 1 -2.35619
2.5 5 1 3.14159
2.5 5 1 2.35619
2.5 2.5 1 -1.5708
2.5 2.5 1 -2.35619
2.5 2.5 1 3.14159
2.5 2.5 1 2.35619
2.5 0 1 -2.35619
2.5 0 1 3.14159
2.5 0 1 2.35619
2.5 0 1 1.5708
2.5 -2.5 1 -2.35619
2.5 -2.5 1 3.14159
2.5 -2.5 1 2.35619
2.5 -2.5 1 1.5708
2.5 -5 1 3.14159
2.5 -5 1 2.35619
2.5 -5 1 1.5708
2.5 -7.5 1 2.35619
2.5 -7.5 1 1.5708
2.5 -10 1 2.35619
2.5 -10 1 1.5708
0 12.5 1 -1.5708
0 10 1 -1.5708
0 7.5 1 -0.785398
0 7.5 1 -1.5708
0 7.5 1 -2.35619
0 5 1 -0.785398
0 5 1 -1.5708
0 5 1 -2.35619
0 2.5 1 -1.5708
0 2.5 1 3.14159
0 2.5 1 1.5708
0 2.5 1 0.785398
0 2.5 1 0
0 0 1 -0.785398
0 0 1 -1.5708
0 0 1 -2.35619
0 0 1 2.35619
0 0 1 1.5708
0 0 1 0.785398
0 -2.5 1 -0.785398
0 -2.5 1 -1.5708
0 -2.5 1 2.35619
0 -2.5 1 1.5708
0 -2.5 1 0.785398
0 -5 1 1.5708
0 -7.5 1 1.5708
0 -10 1 1.5708
-2.5 12.5 1 -1.5708
-2.5 10 1 -0.785398
-2.5 10 1 -1.5708
-2.5 7.5 1 -0.785398
-2.5 7.5 1 -1.5708
-2.5 7.5 1 0
-2.5 5 1 -0.785398
-2.5 5 1 -1.5708
-2.5 5 1 0.785398
-2.5 5 1 0
-2.5 2.5 1 -0.785398
-2.5 2.5 1 -1.5708
-2.5 2.5 1 0.785398
-2.5 2.5 1 0
-2.5 0 1 -0.785398
-2.5 0 1 -1.5708
-2.5 0 1 1.5708
-2.5 0 1 0.785398
-2.5 0 1 0
-2.5 -2.5 1 -0.785398
-2.5 -2.5 1 1.5708
-2.5 -2.5 1 0.785398
-2.5 -2.5 1 0
-2.5 -5 1 1.5708
-2.5 -5 1 0.785398
-2.5 -5 1 0
-2.5 -7.5 1 1.5708
-2.5 -7.5 1 0.785398
-2.5 -10 1 1.5708
-2.5 -10 1 0.785398
-5 10 1 -0.785398
-5 7.5 1 -0.785398
-5 7.5 1 0
-5 5 1 -0.785398
-5 5 1 0
-5 2.5 1 -0.785398
-5 2.5 1 0.785398
-5 2.5 1 0
-5 0 1 -0.785398
-5 0 1 0.785398
-5 0 1 0
-5 -2.5 1 -0.785398
-5 -2.5 1 1.5708
-5 -2.5 1 0.785398
-5 -2.5 1 0
-5 -5 1 0.785398
-5 -5 1 0
-5 -7.5 1 0.785398
-5 -7.5 1 0
-7.5 7.5 1 -0.785398
-7.5 5 1 -0.785398
-7.5 5 1 0
-7.5 2.5 1 0.785398
-7.5 2.5 1 0
-7.5 0 1 -0.785398
-7.5 0 1 0.785398
-7.5 0 1 0
