20 5 8.5 -1.5708
20 5 8.5 -2.35619
20 2.5 8.5 -1.5708
20 2.5 8.5 -2.35619
20 0 8.5 -2.35619
20 0 8.5 3.14159
20 0 8.5 2.35619
20 -2.5 8.5 3.14159
20 -2.5 8.5 2.35619
20 -2.5 8.5 1.5708
20 -5 8.5 2.35619
20 -5 8.5 1.5708
17.5 5 8.5 -0.785398
17.5 5 8.5 -1.5708
17.5 2.5 8.5 -0.785398
17.5 2.5 8.5 -1.5708
17.5 2.5 8.5 -2.35619
17.5 -2.5 8.5 2.35619
17.5 -2.5 8.5 1.5708
17.5 -2.5 8.5 0.785398
17.5 -5 8.5 1.5708
17.5 -5 8.5 0.785398
15 2.5 8.5 -0.785398
15 2.5 8.5 -1.5708
15 2.5 8.5 0
15 0 8.5 -0.785398
15 0 8.5 0.785398
15 0 8.5 0
15 -2.5 8.5 1.5708
15 -2.5 8.5 0.785398
15 -2.5 8.5 0
22.5 2.5 6 -2.35619
22.5 2.5 6 3.14159
22.5 2.5 6 2.35619
22.5 0 6 -2.35619
22.5 0 6 3.14159
22.5 0 6 2.35619
22.5 -2.5 6 -2.35619
22.5 -2.5 6 3.14159
22.5 -2.5 6 2.35619
20 5 6 -1.5708
20 5 6 -2.35619
20 5 6 3.14159
20 5 6 2.35619
20 -5 6 -2.35619
20 -5 6 3.14159
20 -5 6 2.35619
20 -5 6 1.5708
17.5 7.5 6 -0.785398
17.5 7.5 6 -1.5708
17.5 7.5 6 -2.35619
17.5 7.5 6 3.14159
17.5 5 6 -0.785398
17.5 5 6 -1.5708
17.5 5 6 -2.35619
17.5 5 6 3.14159
17.5 5 6 2.35619
17.5 -5 6 -2.35619
17.5 -5 6 3.14159
17.5 -5 6 2.35619
17.5 -5 6 1.5708
17.5 -5 6 0.785398
17.5 -7.5 6 3.14159
17.5 -7.5 6 2.35619
17.5 -7.5 6 1.5708
17.5 -7.5 6 0.785398
15 7.5 6 -0.785398
15 7.5 6 -1.5708
15 7.5 6 -2.35619
15 5 6 -0.785398
15 5 6 -1.5708
15 5 6 -2.35619
15 5 6 3.14159
15 5 6 0
15 -5 6 3.14159
15 -5 6 2.35619
15 -5 6 1.5708
15 -5 6 0.785398
15 -5 6 0
15 -7.5 6 3.14159
15 -7.5 6 2.35619
15 -7.5 6 1.5708
15 -7.5 6 0.785398
12.5 7.5 6 -0.785398
12.5 7.5 6 -1.5708
12.5 7.5 6 -2.35619
12.5 5 6 -0.785398
12.5 5 6 -1.5708
12.5 5 6 -2.35619
12.5 5 6 0
12.5 2.5 6 -0.785398
12.5 2.5 6 -1.5708
12.5 2.5 6 -2.35619
12.5 2.5 6 3.14159
12.5 2.5 6 1.5708
12.5 2.5 6 0.785398
12.5 2.5 6 0
12.5 0 6 -0.785398
12.5 0 6 -1.5708
12.5 0 6 -2.35619
12.5 0 6 3.14159
12.5 0 6 2.35619
12.5 0 6 1.5708
12.5 0 6 0.785398
12.5 0 6 0
12.5 -2.5 6 -0.785398
12.5 -2.5 6 -1.5708
12.5 -2.5 6 3.14159
12.5 -2.5 6 2.35619
12.5 -2.5 6 1.5708
12.5 -2.5 6 0.785398
12.5 -2.5 6 0
12.5 -5 6 2.35619
12.5 -5 6 1.5708
12.5 -5 6 0.785398
12.5 -5 6 0
12.5 -7.5 6 2.35619
12.5 -7.5 6 1.5708
12.5 -7.5 6 0.785398
10 7.5 6 -0.785398
10 7.5 6 -1.5708
10 7.5 6 -2.35619
10 7.5 6 0
10 5 6 -0.785398
10 5 6 -1.5708
10 5 6 -2.35619
10 5 6 0.785398
10 5 6 0
10 2.5 6 -0.785398
10 2.5 6 -1.5708
10 2.5 6 -2.35619
10 2.5 6 3.14159
10 2.5 6 0.785398
10 2.5 6 0
10 0 6 -0.785398
10 0 6 -1.5708
10 0 6 -2.35619
10 0 6 3.14159
10 0 6 2.35619
10 0 6 1.5708
10 0 6 0.785398
10 0 6 0
10 -2.5 6 -0.785398
10 -2.5 6 3.14159
10 -2.5 6 2.35619
10 -2.5 6 1.5708
10 -2.5 6 0.785398
10 -2.5 6 0
10 -5 6 -0.785398
10 -5 6 2.35619
10 -5 6 1.5708
10 -5 6 0.785398
10 -5 6 0
10 -7.5 6 2.35619
10 -7.5 6 1.5708
10 -7.5 6 0.785398
10 -7.5 6 0
7.5 5 6 -0.785398
7.5 5 6 -1.5708
7.5 5 6 -2.35619
7.5 5 6 0
7.5 2.5 6 -0.785398
7.5 2.5 6 -1.5708
7.5 2.5 6 -2.35619
7.5 2.5 6 3.14159
7.5 2.5 6 0.785398
7.5 2.5 6 0
7.5 -2.5 6 -0.785398
7.5 -2.5 6 3.14159
7.5 -2.5 6 2.35619
7.5 -2.5 6 1.5708
7.5 -2.5 6 0.785398
7.5 -2.5 6 0
7.5 -5 6 -0.785398
7.5 -5 6 2.35619
7.5 -5 6 1.5708
7.5 -5 6 0.785398
7.5 -5 6 0
5 5 6 -0.785398
5 5 6 -1.5708
5 5 6 -2.35619
5 5 6 0
5 2.5 6 -0.785398
5 2.5 6 -1.5708
5 2.5 6 -2.35619
5 2.5 6 3.14159
5 2.5 6 0
5 -2.5 6 3.14159
5 -2.5 6 2.35619
5 -2.5 6 1.5708
5 -2.5 6 0.785398
5 -2.5 6 0
5 -5 6 2.35619
5 -5 6 1.5708
5 -5 6 0.785398
5 -5 6 0
2.5 2.5 6 -0.785398
2.5 2.5 6 -1.5708
2.5 2.5 6 -2.35619
2.5 2.5 6 0
2.5 0 6 -0.785398
2.5 0 6 0.785398
2.5 0 6 0
2.5 -2.5 6 2.35619
2.5 -2.5 6 1.5708
2.5 -2.5 6 0.785398
2.5 -2.5 6 0
0 2.5 6 -0.785398
0 2.5 6 0
0 0 6 -0.785398
0 0 6 0.785398
0 0 6 0
0 -2.5 6 0.785398
0 -2.5 6 0
-2.5 0 6 0
22.5 5 3.5 -2.35619
22.5 5 3.5 3.14159
22.5 2.5 3.5 -1.5708
22.5 2.5 3.5 -2.35619
22.5 2.5 3.5 3.14159
22.5 2.5 3.5 2.35619
22.5 0 3.5 -2.35619
22.5 0 3.5 3.14159
22.5 0 3.5 2.35619
22.5 -2.5 3.5 -2.35619
22.5 -2.5 3.5 3.14159
22.5 -2.5 3.5 2.35619
22.5 -2.5 3.5 1.5708
22.5 -5 3.5 3.14159
22.5 -5 3.5 2.35619
20 7.5 3.5 -1.5708
20 7.5 3.5 -2.35619
20 7.5 3.5 3.14159
20 -7.5 3.5 3.14159
20 -7.5 3.5 2.35619
20 -7.5 3.5 1.5708
17.5 10 3.5 -1.5708
17.5 10 3.5 -2.35619
17.5 7.5 3.5 -0.785398
17.5 7.5 3.5 -1.5708
17.5 7.5 3.5 -2.35619
17.5 7.5 3.5 3.14159
17.5 -7.5 3.5 3.14159
17.5 -7.5 3.5 2.35619
17.5 -7.5 3.5 1.5708
17.5 -7.5 3.5 0.785398
17.5 -10 3.5 2.35619
17.5 -10 3.5 1.5708
17.5 -10 3.5 0.785398
15 10 3.5 -1.5708
15 10 3.5 -2.35619
15 -10 3.5 2.35619
15 -10 3.5 1.5708
12.5 10 3.5 -0.785398
12.5 10 3.5 -1.5708
12.5 10 3.5 -2.35619
12.5 -10 3.5 2.35619
12.5 -10 3.5 1.5708
12.5 -10 3.5 0.785398
10 7.5 3.5 -0.785398
10 7.5 3.5 -1.5708
10 7.5 3.5 -2.35619
10 7.5 3.5 0
10 -7.5 3.5 2.35619
10 -7.5 3.5 1.5708
10 -7.5 3.5 0.785398
10 -7.5 3.5 0
10 -10 3.5 1.5708
10 -10 3.5 0.785398
7.5 7.5 3.5 -0.785398
7.5 7.5 3.5 -1.5708
7.5 7.5 3.5 0
7.5 5 3.5 -0.785398
7.5 5 3.5 -1.5708
7.5 5 3.5 -2.35619
7.5 5 3.5 0
7.5 -5 3.5 2.35619
7.5 -5 3.5 1.5708
7.5 -5 3.5 0.785398
7.5 -5 3.5 0
7.5 -7.5 3.5 1.5708
7.5 -7.5 3.5 0.785398
7.5 -7.5 3.5 0
5 5 3.5 -0.785398
5 5 3.5 -1.5708
5 5 3.5 -2.35619
5 5 3.5 0
5 -5 3.5 2.35619
5 -5 3.5 1.5708
5 -5 3.5 0.785398
5 -5 3.5 0
2.5 5 3.5 -0.785398
2.5 5 3.5 -1.5708
2.5 5 3.5 -2.35619
2.5 5 3.5 0
2.5 -5 3.5 2.35619
2.5 -5 3.5 1.5708
2.5 -5 3.5 0.785398
2.5 -5 3.5 0
-2.5 2.5 3.5 -0.785398
-2.5 2.5 3.5 0
-2.5 0 3.5 0
-2.5 -2.5 3.5 0.785398
-2.5 -2.5 3.5 0
