3.2 0.8 2 -1.5708
3.2 0.8 2 -2.35619
2.6 0.8 2 -1.5708
2.6 -1 2 1.5708
2 0.8 2 -0.785398
2 0.8 2 -1.5708
3.8 0.8 1.4 -2.35619
3.8 0.8 1.4 3.14159
3.8 0.2 1.4 -2.35619
3.8 0.2 1.4 3.14159
3.8 0.2 1.4 2.35619
3.8 -0.4 1.4 -2.35619
3.8 -0.4 1.4 3.14159
3.8 -0.4 1.4 2.35619
3.2 1.4 1.4 -1.5708
3.2 1.4 1.4 -2.35619
3.2 1.4 1.4 3.14159
3.2 0.8 1.4 -1.5708
3.2 0.8 1.4 -2.35619
3.2 0.8 1.4 3.14159
3.2 -1 1.4 3.14159
3.2 -1 1.4 2.35619
3.2 -1 1.4 1.5708
2.6 1.4 1.4 -1.5708
2.6 1.4 1.4 -2.35619
2.6 -1.6 1.4 2.35619
2.6 -1.6 1.4 1.5708
2 1.4 1.4 -0.785398
2 1.4 1.4 -1.5708
2 1.4 1.4 -2.35619
2 -1 1.4 2.35619
2 -1 1.4 1.5708
2 -1 1.4 0.785398
2 -1.6 1.4 2.35619
2 -1.6 1.4 1.5708
2 -1.6 1.4 0.785398
1.4 1.4 1.4 -0.785398
1.4 1.4 1.4 -1.5708
1.4 1.4 1.4 -2.35619
1.4 1.4 1.4 0
1.4 0.8 1.4 -0.785398
1.4 0.8 1.4 -1.5708
1.4 0.8 1.4 -2.35619
1.4 0.8 1.4 3.14159
1.4 0.8 1.4 0
1.4 -0.4 1.4 -0.785398
1.4 -0.4 1.4 3.14159
1.4 -0.4 1.4 2.35619
1.4 -0.4 1.4 1.5708
1.4 -0.4 1.4 0.785398
1.4 -0.4 1.4 0
1.4 -1 1.4 2.35619
1.4 -1 1.4 1.5708
1.4 -1 1.4 0.785398
1.4 -1 1.4 0
1.4 -1.6 1.4 2.35619
1.4 -1.6 1.4 1.5708
1.4 -1.6 1.4 0.785398
0.8 0.8 1.4 -0.785398
0.8 0.8 1.4 -1.5708
0.8 0.8 1.4 -2.35619
0.8 0.8 1.4 0
0.8 -1 1.4 2.35619
0.8 -1 1.4 1.5708
0.8 -1 1.4 0.785398
0.8 -1 1.4 0
0.2 0.8 1.4 -0.785398
0.2 0.8 1.4 -1.5708
0.2 0.8 1.4 0
0.2 0.2 1.4 -0.785398
0.2 0.2 1.4 0.785398
0.2 0.2 1.4 0
0.2 -0.4 1.4 -0.785398
0.2 -0.4 1.4 0.785398
0.2 -0.4 1.4 0
0.2 -1 1.4 1.5708
0.2 -1 1.4 0.785398
0.2 -1 1.4 0
-0.4 0.8 1.4 -0.785398
-0.4 0.8 1.4 0
-0.4 0.2 1.4 -0.785398
-0.4 0.2 1.4 0
-0.4 -0.4 1.4 0.785398
-0.4 -0.4 1.4 0
3.8 1.4 0.8 -2.35619
3.8 1.4 0.8 3.14159
3.8 0.8 0.8 -2.35619
3.8 0.8 0.8 3.14159
3.8 0.2 0.8 -2.35619
3.8 0.2 0.8 3.14159
3.8 0.2 0.8 2.35619
3.8 -0.4 0.8 3.14159
3.8 -0.4 0.8 2.35619
3.8 -1 0.8 3.14159
3.8 -1 0.8 2.35619
3.2 1.4 0.8 -1.5708
3.2 1.4 0.8 -2.35619
3.2 1.4 0.8 3.14159
3.2 -1.6 0.8 3.14159
3.2 -1.6 0.8 2.35619
3.2 -1.6 0.8 1.5708
2.6 2 0.8 -1.5708
2.6 2 0.8 -2.35619
2.6 -2.2 0.8 2.35619
2.6 -2.2 0.8 1.5708
2 2 0.8 -0.785398
2 2 0.8 -1.5708
2 2 0.8 -2.35619
2 -2.2 0.8 1.5708
2 -2.2 0.8 0.785398
1.4 2 0.8 -0.785398
1.4 2 0.8 -1.5708
1.4 -2.2 0.8 1.5708
1.4 -2.2 0.8 0.785398
0.8 1.4 0.8 -0.785398
0.8 1.4 0.8 -1.5708
0.8 1.4 0.8 -2.35619
0.8 1.4 0.8 0
0.8 -1.6 0.8 2.35619
0.8 -1.6 0.8 1.5708
0.8 -1.6 0.8 0.785398
0.2 1.4 0.8 -0.785398
0.2 1.4 0.8 -1.5708
0.2 1.4 0.8 0
0.2 -1 0.8 1.5708
0.2 -1 0.8 0.785398
0.2 -1 0.8 0
-0.4 0.8 0.8 -0.785398
-0.4 0.8 0.8 -1.5708
-0.4 0.8 0.8 0
-0.4 -1 0.8 1.5708
-0.4 -1 0.8 0.785398
-0.4 -1 0.8 0
-1 0.8 0.8 -0.785398
-1 0.8 0.8 0
-1 0.2 0.8 0
-1 -0.4 0.8 0.785398
-1 -0.4 0.8 0
