5 2.5 9 0.0274156
0.5 2.5 9 0.0411234
0.5 2.5 9 0.0274156
0.5 2.5 9 0.0137078
-4 2.5 9 0.0274156
-4 2.5 9 0.0137078
-4 -2 9 -0.0137078
-4 -2 9 0
-4 -6.5 9 0.0137078
-4 -6.5 9 0
5 -2 4.5 -0.0411234
5 -2 4.5 0.0548311
5 -2 4.5 0.0411234
5 -2 4.5 0.0274156
5 -6.5 4.5 -0.0411234
5 -6.5 4.5 0.0548311
5 -6.5 4.5 0.0411234
5 -11 4.5 0.0548311
5 -11 4.5 0.0411234
-4 -2 4.5 -0.0137078
-4 -2 4.5 0.0274156
-4 -2 4.5 0.0137078
-4 -2 4.5 0
-4 -6.5 4.5 -0.0137078
-4 -6.5 4.5 0.0274156
-4 -6.5 4.5 0.0137078
-4 -6.5 4.5 0
-4 -11 4.5 0.0137078
