1 -7 -1 5.5 -45
1 -6 -1 5.5 0
1 -5 -1 5.5 0
1 -4 -1 5.5 0
1 -3 -1 6.5 0
1 -3 0 6.5 0
1 -3 1 6.5 0
1 -4 1 5.5 0
1 -4 2 5.5 0
1 -4 3 5.5 0
1 -4 4 5.5 0
1 -4 5 4.5 0
1 -5 6 4.5 0
1 -5 7 3.5 0
1 -5 8 3.5 0
1 -5 9 3.5 0
1 -5 10 4.5 0
1 -4 11 4.5 0
1 -4 12 5.5 0
1 -4 13 6.5 0
1 -4 14 6.5 0
1 -4 15 7.5 0
1 -4 16 7.5 0
1 -3 16 8.5 0
1 -3 16 9.5 0
1 -4 17 9.5 0
1 -4 18 8.5 0
1 -4 18 7.5 0
1 -3 18 6.5 0
1 -3 19 6.5 0
1 -2 20 6.5 -135
1 -2 20 5.5 -135
1 -3 20 4.5 -135
1 -3 20 3.5 -90
1 -4 21 3.5 -90
1 -5 21 4.5 -90
1 -5 21 5.5 -90
1 -6 20 5.5 -90
1 -7 20 6.5 -90
1 -7 20 7.5 -90
1 -6 19 7.5 0
1 -5 20 7.5 0
1 -4 20 7.5 -90
1 -3 20 8.5 -90
1 -2 20 8.5 -90
1 -2 21 9.5 -90
1 -1 21 9.5 -90
1 0 21 9.5 -90
1 1 21 8.5 -135
1 1 21 7.5 -135
1 2 20 7.5 -135
1 2 20 6.5 -135
1 3 20 5.5 -135
1 4 20 5.5 -135
1 5 21 5.5 -135
1 6 20 5.5 -135
1 7 20 5.5 -135
1 8 20 5.5 -135
1 8 19 6.5 180
1 7 18 6.5 180
1 7 17 6.5 180
1 7 16 6.5 180
1 6 16 7.5 180
1 5 17 7.5 180
1 4 17 7.5 180
1 3 18 7.5 180
1 4 19 7.5 180
1 5 19 8.5 180
1 4 19 9.5 180
1 4 18 9.5 180
1 4 17 9.5 180
1 3 17 10.5 180
1 3 16 10.5 135
1 3 15 9.5 135
1 3 14 8.5 135
1 4 14 7.5 135
1 4 13 6.5 45
1 5 12 6.5 90
1 4 11 6.5 90
1 4 11 5.5 90
1 4 10 4.5 90
1 4 9 4.5 90
1 4 8 4.5 90
1 5 8 5.5 135
1 6 8 4.5 135
1 6 8 3.5 135
1 7 7 3.5 0
1 7 6 4.5 0
1 7 5 5.5 0
1 8 4 5.5 0
1 9 5 5.5 0
1 10 6 5.5 0
1 11 6 5.5 0
1 12 7 5.5 0
1 12 8 4.5 -135
1 11 8 3.5 -135
1 11 9 3.5 -135
1 10 9 4.5 -135
1 11 9 5.5 -135
1 12 9 6.5 -135
1 13 8 6.5 -135
1 14 8 6.5 -135
1 15 8 6.5 -135
1 16 8 6.5 -135
1 17 8 5.5 -135
1 18 7 5.5 180
1 18 6 5.5 180
1 17 6 6.5 180
1 17 5 6.5 180
1 16 4 6.5 180
1 15 4 6.5 180
1 14 4 6.5 180
1 13 4 6.5 180
1 12 3 6.5 45
1 11 2 6.5 45
1 11 1 6.5 45
1 11 0 5.5 45
1 10 0 5.5 45
1 9 -1 5.5 45
1 8 -2 5.5 45
1 7 -2 5.5 45
1 6 -1 5.5 0
1 5 0 5.5 0
1 5 1 5.5 0
1 4 2 5.5 0
1 4 3 5.5 0
1 4 4 5.5 0
1 4 5 4.5 0
1 5 5 4.5 0
1 5 6 5.5 0
1 4 6 6.5 0
1 3 7 6.5 90
1 3 8 6.5 90
1 3 9 6.5 90
1 2 9 7.5 90
1 1 8 7.5 90
1 1 7 7.5 90
1 1 6 7.5 90
1 1 5 7.5 90
1 1 4 7.5 90
1 1 3 7.5 90
1 2 3 6.5 0
1 2 2 6.5 0
1 2 1 6.5 0
1 2 0 6.5 0
1 2 -1 6.5 0
1 2 -2 6.5 0
1 2 -3 6.5 0
1 3 -4 6.5 45
1 4 -5 6.5 45
1 4 -5 5.5 45
1 4 -6 4.5 45
1 5 -7 4.5 90
1 5 -7 3.5 90
1 6 -8 3.5 90
1 5 -9 3.5 90
1 5 -10 4.5 135
1 5 -11 3.5 135
1 5 -12 3.5 135
1 5 -13 3.5 135
1 5 -14 3.5 135
1 5 -15 3.5 135
1 5 -16 3.5 135
1 5 -17 3.5 135
1 5 -18 3.5 135
1 5 -19 3.5 135
1 4 -20 3.5 90
1 3 -20 3.5 90
1 2 -20 3.5 90
1 1 -20 4.5 90
1 1 -19 5.5 90
1 1 -18 6.5 90
1 1 -17 6.5 90
1 1 -16 6.5 90
1 2 -15 6.5 90
1 2 -14 6.5 90
1 2 -13 6.5 90
1 2 -12 6.5 90
1 2 -11 6.5 90
1 2 -10 6.5 90
1 2 -9 6.5 90
1 3 -8 6.5 90
1 3 -8 7.5 90
1 2 -7 7.5 90
1 1 -8 7.5 90
1 0 -8 7.5 45
1 -1 -9 7.5 45
1 -2 -9 6.5 45
1 -2 -8 6.5 45
1 -2 -7 6.5 45
1 -2 -6 6.5 45
1 -3 -5 6.5 0
1 -4 -5 5.5 0
1 -4 -6 4.5 0
1 -5 -6 4.5 0
1 -5 -7 3.5 0
1 -5 -8 3.5 0
1 -5 -9 3.5 0
1 -5 -10 3.5 0
1 -5 -11 3.5 0
1 -5 -12 3.5 0
1 -5 -13 3.5 0
1 -5 -14 3.5 0
1 -5 -15 3.5 0
1 -4 -16 3.5 0
1 -4 -17 3.5 0
1 -4 -18 3.5 0
1 -3 -19 3.5 0
1 -2 -20 3.5 45
1 -2 -20 4.5 45
1 -2 -19 5.5 45
1 -2 -18 6.5 45
1 -1 -17 6.5 45
1 -1 -16 6.5 45
1 -2 -15 6.5 45
1 -2 -14 6.5 45
1 -2 -13 6.5 45
1 -2 -12 6.5 45
1 -2 -11 6.5 45
1 -3 -11 7.5 45
1 -4 -11 6.5 0
1 -4 -11 5.5 0
1 -5 -10 5.5 0
1 -5 -9 5.5 0
1 -5 -8 5.5 0
1 -6 -7 5.5 0
1 -7 -7 5.5 45
1 -8 -7 4.5 0
1 -8 -6 3.5 0
1 -8 -5 3.5 0
1 -8 -4 3.5 0
1 -7 -4 4.5 0
1 -7 -3 4.5 0
1 -6 -3 5.5 0
1 -5 -3 5.5 0
1 -4 -3 5.5 0
1 -3 -3 6.5 0
1 -2 -3 7.5 45
1 -1 -2 7.5 45
1 -1 -1 7.5 45
1 -1 0 7.5 45
1 -1 1 7.5 45
1 -1 2 7.5 45
1 -1 3 7.5 45
1 -1 4 7.5 45
1 -2 5 7.5 45
1 -2 5 6.5 45
1 -3 6 6.5 0
1 -3 7 6.5 0
1 -3 8 6.5 0
1 -3 9 6.5 0
1 -4 9 5.5 0
1 -5 8 5.5 0
1 -6 7 5.5 0
1 -7 6 5.5 45
1 -8 6 5.5 180
1 -9 6 6.5 180
1 -10 6 5.5 180
1 -11 6 5.5 180
1 -12 7 5.5 180
1 -12 8 5.5 -135
1 -11 9 5.5 -135
1 -10 9 4.5 -135
1 -10 9 3.5 -135
1 -11 8 3.5 -135
1 -12 9 3.5 -135
1 -12 10 3.5 -135
1 -13 10 4.5 -135
1 -14 10 3.5 -90
1 -14 9 3.5 -90
1 -15 9 4.5 -90
1 -15 9 5.5 -90
1 -15 8 6.5 -90
1 -14 7 6.5 -90
1 -13 6 6.5 0
1 -13 5 6.5 0
1 -13 4 6.5 0
1 -13 3 6.5 0
1 -13 2 6.5 0
1 -13 1 5.5 0
1 -13 0 4.5 0
1 -13 0 3.5 0
1 -14 -1 3.5 0
1 -14 -2 3.5 0
1 -13 -3 3.5 0
1 -12 -3 3.5 0
1 -12 -2 4.5 0
1 -11 -2 5.5 0
1 -10 -1 5.5 0
1 -11 0 5.5 0
1 -14 10 6.5 -135
1 -13 9 6.5 -135
1 -14 9 7.5 -90
1 -14 8 6.5 -90
1 2 11 6.5 45
1 -4 13 8.5 0
1 -3 14 8.5 0
1 -4 14 9.5 0
1 3 13 10.5 135
1 -4 15 10.5 0
1 2 14 10.5 90
1 2 14 11.5 135
1 0 14 10.5 90
1 1 13 11.5 90
1 -3 15 11.5 45
1 0 13 11.5 90
1 -2 15 10.5 45
1 -1 13 11.5 45
1 -2 14 11.5 45
1 -2 14 10.5 45
1 -3 14 9.5 0
1 -3 14 10.5 0
1 -3 13 10.5 45
1 -2 12 10.5 45
1 -3 13 9.5 0
1 -2 12 9.5 45
1 -2 13 9.5 45
1 -2 14 9.5 45
1 -2 13 10.5 45
1 -1 13 10.5 45
1 -1 14 10.5 45
1 -1 13 9.5 45
1 -1 12 9.5 45
1 -1 11 9.5 45
1 0 12 10.5 90
1 -1 12 10.5 45
1 0 12 9.5 90
1 0 13 9.5 90
1 1 13 10.5 90
1 0 13 10.5 90
1 1 14 10.5 90
1 1 13 9.5 90
1 2 13 9.5 90
1 2 12 10.5 90
1 1 12 10.5 90
1 2 13 10.5 90
1 2 12 9.5 90
1 3 12 9.5 90
1 3 12 8.5 90
1 3 12 7.5 45
1 2 12 7.5 45
1 3 11 8.5 90
1 2 11 7.5 45
1 2 11 8.5 90
1 2 12 8.5 90
1 1 12 8.5 90
1 0 11 9.5 90
1 1 11 9.5 90
1 1 12 9.5 90
1 1 11 8.5 90
1 0 12 8.5 90
1 0 11 7.5 45
1 1 11 7.5 45
1 -1 7 7.5 45
1 0 10 8.5 90
1 0 11 8.5 90
1 1 10 8.5 90
1 0 10 7.5 45
1 -1 7 8.5 45
1 -1 8 7.5 45
1 0 9 8.5 90
1 -1 9 7.5 45
1 -1 8 8.5 45
1 -2 8 8.5 45
1 -2 9 8.5 45
1 -1 9 8.5 45
1 -1 10 8.5 45
1 -1 11 8.5 45
1 -2 10 8.5 45
1 -3 12 9.5 45
1 -3 11 8.5 45
1 -3 13 8.5 0
1 -3 12 7.5 0
1 -2 11 8.5 45
1 -2 12 8.5 45
1 -3 12 8.5 0
1 -2 13 8.5 45
1 -1 12 8.5 45
1 -2 12 7.5 0
1 -1 11 7.5 45
1 -3 11 7.5 0
1 -2 11 6.5 45
1 -2 10 7.5 45
1 -1 10 7.5 45
1 -3 11 6.5 0
1 -2 11 7.5 45
1 -2 10 6.5 45
1 -3 10 7.5 45
1 -2 9 7.5 45
1 -4 -20 4.5 0
1 -4 -19 5.5 0
1 -3 -16 7.5 45
1 -3 -17 7.5 45
1 -3 -17 5.5 0
1 -4 -17 6.5 0
1 -4 -18 5.5 0
1 -4 -17 5.5 0
1 -5 -17 5.5 0
1 -5 -16 5.5 0
1 -4 -16 5.5 0
1 -3 -16 5.5 0
1 -4 -15 6.5 0
1 -4 -16 6.5 0
1 -4 -15 5.5 0
1 -5 -15 5.5 0
1 -4 -14 6.5 0
1 -5 -14 5.5 0
1 -4 -14 5.5 0
1 -5 -12 5.5 0
1 -5 -13 5.5 0
1 -4 -13 5.5 0
1 -4 -13 6.5 0
1 -4 -12 5.5 0
1 0 -15 7.5 45
1 0 -14 7.5 45
1 0 -11 7.5 45
1 0 -13 7.5 45
1 0 -12 7.5 45
1 -1 -11 7.5 45
1 2 -21 5.5 90
1 2 -20 6.5 90
1 3 -20 5.5 90
1 3 -16 5.5 90
1 3 -16 7.5 90
1 3 -17 7.5 90
1 3 -17 6.5 90
1 3 -19 6.5 90
1 3 -17 5.5 90
1 3 -18 4.5 90
1 3 -19 5.5 90
1 3 -18 5.5 90
1 4 -19 5.5 90
1 3 -18 6.5 90
1 4 -18 5.5 90
1 4 -17 6.5 90
1 5 -17 5.5 135
1 4 -17 5.5 90
1 4 -16 6.5 90
1 5 -16 5.5 135
1 4 -16 5.5 90
1 4 -15 6.5 90
1 5 -15 5.5 135
1 4 -15 5.5 90
1 4 -14 6.5 90
1 5 -14 5.5 135
1 4 -14 5.5 90
1 4 -13 6.5 90
1 5 -13 5.5 135
1 4 -13 5.5 90
1 5 -12 5.5 135
1 4 -12 5.5 90
1 4 -12 6.5 90
1 4 -11 5.5 90
1 4 -11 6.5 90
1 4 -10 6.5 90
1 4 -9 5.5 45
1 4 -8 6.5 90
1 4 -9 6.5 90
1 11 -3 6.5 90
1 13 10 3.5 -135
1 13 9 3.5 -135
1 17 10 5.5 -135
1 16 10 5.5 -135
1 16 10 6.5 -135
1 15 10 6.5 -135
1 14 10 6.5 -135
1 13 10 5.5 -135
1 13 10 4.5 -135
1 14 10 3.5 -135
1 14 10 5.5 -135
1 14 9 4.5 -135
1 14 9 3.5 -135
1 14 10 4.5 -135
1 15 10 4.5 -135
1 15 10 5.5 -135
1 15 9 4.5 -135
1 15 9 3.5 -135
1 15 10 3.5 -135
1 16 10 4.5 -135
1 16 9 3.5 -135
1 16 9 4.5 -135
1 16 10 3.5 -135
1 17 10 3.5 -135
1 17 10 4.5 -135
1 17 9 3.5 -135
1 18 9 3.5 -135
1 18 9 4.5 -135
1 18 8 3.5 -135
1 19 8 4.5 180
1 19 8 3.5 180
1 19 7 3.5 180
1 18 7 3.5 180
1 19 6 3.5 180
1 19 3 3.5 135
1 18 6 3.5 180
1 19 5 6.5 135
1 19 4 5.5 135
1 19 5 4.5 180
1 19 5 3.5 180
1 18 5 3.5 180
1 18 4 4.5 135
1 19 4 3.5 135
1 19 4 4.5 135
1 18 4 3.5 135
1 17 3 3.5 135
1 17 2 3.5 135
1 9 -3 6.5 45
1 18 2 3.5 135
1 18 3 3.5 135
1 19 3 4.5 135
1 18 2 4.5 135
1 10 -2 6.5 45
1 18 2 5.5 135
1 17 3 4.5 135
1 18 3 5.5 135
1 18 3 4.5 135
1 17 3 7.5 180
1 18 3 6.5 135
1 18 4 5.5 135
1 17 3 5.5 135
1 11 -2 6.5 45
1 12 -2 6.5 45
1 12 -1 6.5 45
1 17 2 6.5 90
1 17 2 5.5 90
1 17 2 4.5 90
1 16 2 5.5 90
1 16 2 4.5 90
1 15 2 6.5 90
1 16 2 6.5 90
1 15 2 5.5 90
1 13 0 6.5 45
1 14 1 6.5 90
1 13 1 5.5 45
1 13 2 7.5 45
1 13 1 6.5 45
1 13 0 5.5 45
1 14 2 5.5 45
1 14 2 6.5 45
1 14 1 5.5 90
1 15 1 6.5 90
1 14 0 5.5 90
1 15 1 5.5 90
1 15 0 5.5 90
1 16 1 5.5 90
1 17 1 4.5 90
1 16 0 4.5 90
1 17 1 3.5 90
1 16 0 3.5 90
1 15 1 4.5 90
1 16 1 3.5 90
1 16 1 4.5 90
1 16 2 3.5 90
1 15 1 3.5 90
1 15 0 3.5 90
1 14 1 4.5 90
1 15 -1 3.5 90
1 15 0 4.5 90
1 14 0 4.5 90
1 14 0 3.5 90
1 10 -6 3.5 90
1 14 -1 3.5 90
1 11 -6 3.5 90
1 13 0 4.5 45
1 13 0 3.5 45
1 13 -1 3.5 90
1 11 -5 3.5 90
1 13 -1 4.5 90
1 14 -1 4.5 90
1 12 -5 3.5 90
1 14 -3 3.5 90
1 14 -2 3.5 90
1 12 -1 4.5 45
1 14 -2 4.5 90
1 13 -1 5.5 45
1 13 -2 4.5 90
1 13 -2 5.5 90
1 12 -2 5.5 45
1 13 -3 5.5 90
1 12 -4 5.5 90
1 12 -5 4.5 90
1 13 -5 3.5 90
1 13 -4 4.5 90
1 12 -4 3.5 90
1 13 -2 3.5 90
1 13 -3 3.5 90
1 13 -3 4.5 90
1 13 -4 3.5 90
1 12 -3 3.5 90
1 12 -3 4.5 90
1 12 -4 4.5 90
1 12 -3 5.5 90
1 11 -2 5.5 45
1 12 -2 4.5 45
1 11 -3 4.5 90
1 10 -5 3.5 90
1 11 -4 3.5 90
1 11 -5 4.5 90
1 10 -4 4.5 90
1 11 -4 4.5 90
1 11 -3 5.5 90
1 11 -4 5.5 90
1 10 -4 6.5 90
1 4 -1 6.5 0
1 4 -2 6.5 0
1 4 -2 5.5 0
1 10 -3 5.5 45
1 10 -3 6.5 45
1 10 -4 5.5 90
1 10 -5 4.5 90
1 6 -5 6.5 45
1 4 -3 5.5 0
1 5 -3 5.5 0
1 5 -2 6.5 0
1 6 -3 6.5 45
1 10 -5 5.5 90
1 6 -6 5.5 45
1 7 -6 5.5 45
1 6 -5 5.5 45
1 5 -3 6.5 0
1 6 -4 6.5 45
1 9 -4 6.5 45
1 9 -5 5.5 45
1 9 -4 5.5 45
1 8 -5 5.5 45
1 7 -4 5.5 45
1 8 -4 5.5 45
1 7 -5 5.5 45
1 6 -4 5.5 0
1 7 -4 4.5 45
1 9 -4 4.5 45
1 8 -4 3.5 45
1 8 -4 4.5 45
1 9 -5 4.5 45
1 7 -5 4.5 45
1 8 -5 3.5 45
1 8 -5 4.5 45
1 9 -6 3.5 90
1 9 -5 3.5 45
1 7 -6 3.5 45
1 8 -6 3.5 45
1 8 -6 4.5 45
1 7 -7 5.5 90
1 7 -6 4.5 45
1 8 -7 4.5 45
1 8 -8 3.5 90
1 8 -7 3.5 45
1 7 -7 4.5 45
1 7 -8 3.5 90
1 6 0 7.5 135
1 7 0 6.5 0
1 8 0 6.5 45
1 8 1 7.5 0
1 9 1 6.5 0
1 8 1 6.5 0
1 10 0 7.5 45
1 9 1 7.5 0
1 9 2 6.5 0
1 9 5 7.5 0
1 10 4 7.5 0
1 10 5 7.5 0
1 11 4 7.5 45
1 10 4 6.5 0
1 10 3 7.5 0
1 9 3 6.5 0
1 8 2 6.5 0
1 9 3 7.5 0
1 9 2 7.5 0
1 9 4 7.5 0
1 8 3 7.5 0
1 8 2 7.5 0
1 8 4 7.5 0
1 7 3 7.5 45
1 6 2 7.5 135
1 6 1 7.5 135
1 7 2 6.5 0
1 7 1 6.5 0
1 6 2 6.5 0
1 6 3 5.5 0
1 6 3 6.5 0
1 7 3 6.5 0
1 6 4 6.5 0
1 5 5 6.5 0
1 11 8 6.5 0
1 4 20 7.5 -135
1 7 20 7.5 -135
1 3 18 6.5 180
1 6 18 8.5 180
1 6 20 7.5 180
1 6 19 7.5 180
1 5 19 6.5 180
1 5 19 7.5 180
1 -2 18 10.5 -45
1 -3 18 10.5 0
1 -4 19 10.5 0
1 -3 19 10.5 0
1 -3 20 10.5 -90
1 -3 19 11.5 -45
1 -2 19 10.5 -90
1 -2 20 11.5 -90
1 -1 20 11.5 -90
1 -1 21 11.5 -90
1 1 20 11.5 -90
1 0 20 11.5 -90
1 3 21 8.5 -135
1 0 21 11.5 -90
1 2 22 9.5 -135
1 1 21 11.5 -135
1 2 21 10.5 -135
1 3 21 9.5 -135
1 2 20 9.5 -135
1 3 19 11.5 -135
1 3 20 10.5 -135
1 2 20 10.5 -135
1 2 20 11.5 -135
1 1 20 10.5 -135
1 2 19 10.5 -135
1 2 18 10.5 -135
1 5 20 7.5 180
1 -5 12 3.5 0
1 -8 13 5.5 0
1 -6 22 3.5 -90
1 -7 21 3.5 -45
1 -7 20 3.5 -45
1 -8 15 7.5 0
1 -10 18 3.5 0
1 -9 19 3.5 0
1 -8 19 3.5 0
1 -8 14 6.5 0
1 -9 14 5.5 0
1 -8 21 3.5 -45
1 -9 20 3.5 -45
1 -8 20 3.5 -45
1 -9 19 6.5 0
1 -8 21 5.5 -45
1 -7 21 4.5 -90
1 -8 21 4.5 -45
1 -9 20 4.5 -45
1 -8 20 4.5 -45
1 -9 20 5.5 -45
1 -9 19 4.5 0
1 -8 19 5.5 0
1 -9 19 5.5 0
1 -8 19 4.5 0
1 -9 15 6.5 0
1 -8 18 5.5 0
1 -9 17 6.5 0
1 -9 16 6.5 0
1 -9 18 6.5 0
1 -9 17 5.5 0
1 -9 16 5.5 0
1 -9 18 5.5 0
1 -9 18 4.5 0
1 -10 17 4.5 0
1 -10 18 4.5 0
1 -9 18 3.5 0
1 -9 17 4.5 0
1 -9 14 3.5 0
1 -10 16 3.5 0
1 -10 17 3.5 0
1 -10 16 4.5 0
1 -9 17 3.5 0
1 -9 16 3.5 0
1 -8 15 3.5 0
1 -9 15 3.5 0
1 -8 15 5.5 0
1 -9 15 4.5 0
1 -9 16 4.5 0
1 -9 14 4.5 0
1 -9 15 5.5 0
1 -8 15 4.5 0
1 -8 14 4.5 0
1 -8 14 5.5 0
1 -7 14 4.5 0
1 -8 13 3.5 0
1 -8 14 3.5 0
1 -8 13 4.5 0
1 -7 13 3.5 0
1 -6 12 3.5 0
1 -6 13 3.5 0
1 -6 11 3.5 0
1 -7 12 3.5 0
1 -7 12 4.5 0
1 -6 12 4.5 0
1 -6 13 4.5 0
1 -6 12 5.5 0
1 -6 12 6.5 0
1 -7 13 5.5 0
1 -7 13 4.5 0
1 -7 12 5.5 0
1 -6 13 5.5 0
1 -6 13 6.5 0
1 -7 14 5.5 0
1 -6 13 7.5 0
1 -7 13 6.5 0
1 -7 14 7.5 0
1 -6 14 6.5 0
1 -6 17 8.5 0
1 -6 15 8.5 0
1 -6 16 8.5 0
1 -6 15 7.5 0
1 -7 14 6.5 0
1 -6 14 7.5 0
1 -6 15 6.5 0
1 -7 15 6.5 0
1 -6 16 7.5 0
1 -7 15 7.5 0
1 -8 16 5.5 0
1 -8 15 6.5 0
1 -8 16 7.5 0
1 -7 16 6.5 0
1 -7 16 7.5 0
1 -8 17 5.5 0
1 -8 17 6.5 0
1 -8 16 6.5 0
1 -7 17 6.5 0
1 -7 18 6.5 0
1 -7 17 7.5 0
1 -6 17 7.5 0
1 -8 18 6.5 0
1 -8 18 7.5 0
1 -8 17 7.5 0
1 -7 18 7.5 0
1 -5 19 6.5 0
1 -6 18 7.5 0
1 -7 -1 5.5 0
