3 -7.5 0 6 -45
3 -5 0 6 0
3 -5 2.5 6 0
3 -5 5 6 0
3 -5 7.5 3.5 0
3 -5 10 3.5 0
3 -5 10 3.5 45
3 -5 10 3.5 0
3 -5 12.5 6 45
3 -5 12.5 6 0
3 -5 12.5 6 45
3 -5 12.5 6 0
3 -5 12.5 6 45
3 -5 12.5 6 0
3 -2.5 12.5 8.5 45
3 -2.5 12.5 8.5 90
3 -2.5 12.5 8.5 45
3 -2.5 12.5 8.5 90
3 -2.5 12.5 8.5 45
3 -2.5 12.5 8.5 90
3 -5 12.5 6 0
3 -5 12.5 6 90
3 -5 12.5 6 0
3 -5 12.5 6 90
3 -5 12.5 6 0
3 -5 10 3.5 -45
3 -5 7.5 3.5 -45
3 -7.5 7.5 3.5 -90
3 -10 7.5 3.5 -90
3 -10 7.5 3.5 -135
3 -10 7.5 3.5 -90
3 -10 7.5 3.5 -135
3 -7.5 7.5 3.5 -90
3 -7.5 5 6 -90
3 -7.5 5 6 -135
3 -7.5 5 6 -90
3 -7.5 5 6 -135
3 -7.5 5 6 -90
3 -5 2.5 6 0
3 -5 0 6 0
3 -5 -2.5 6 0
3 -5 -5 6 0
3 -5 -7.5 3.5 0
3 -5 -7.5 3.5 45
3 -5 -7.5 3.5 0
3 -5 -7.5 3.5 90
3 -5 -10 3.5 0
3 -5 -12.5 3.5 0
3 -5 -15 3.5 0
3 -5 -17.5 3.5 0
3 -5 -15 3.5 0
3 -2.5 -15 6 0
3 -2.5 -15 6 45
3 -2.5 -15 6 0
3 -2.5 -15 6 45
3 -2.5 -15 6 -45
3 -2.5 -15 6 45
3 -5 -15 3.5 0
3 -5 -12.5 3.5 0
3 -5 -10 1 0
3 -5 -7.5 3.5 90
3 -7.5 -5 3.5 45
3 -7.5 -5 3.5 90
3 -7.5 -5 3.5 45
3 -7.5 -5 3.5 90
3 -7.5 -5 3.5 135
3 -7.5 -5 3.5 90
3 -7.5 -5 3.5 45
3 -5 -7.5 3.5 45
3 -5 -7.5 1 0
3 -5 -7.5 1 45
3 -5 -7.5 1 0
3 -5 -7.5 3.5 45
3 -5 -7.5 3.5 0
3 -5 -7.5 3.5 45
3 -5 -5 6 45
3 -5 -5 6 0
3 -5 -5 6 45
3 -7.5 -2.5 6 45
3 -7.5 -2.5 6 90
3 -7.5 -2.5 6 45
3 -7.5 -2.5 6 90
3 -7.5 -2.5 6 45
3 -7.5 -2.5 6 90
3 -5 -2.5 6 45
3 -5 -2.5 6 0
3 -5 -2.5 6 45
3 -5 -2.5 6 135
3 -5 -2.5 6 45
3 -5 -2.5 6 135
3 -5 -2.5 6 45
3 -5 0 6 135
3 -5 2.5 6 0
3 -5 2.5 6 -45
3 -5 5 6 0
3 -5 5 6 -135
3 -5 5 6 -45
3 -5 5 6 -90
3 -5 5 6 -45
3 -5 5 6 0
3 -5 5 6 -45
3 -5 5 6 -135
3 -5 7.5 3.5 0
3 -5 7.5 3.5 -45
3 -5 7.5 3.5 -90
3 -5 7.5 3.5 -45
3 -5 7.5 3.5 -90
3 -5 7.5 3.5 -135
3 -5 7.5 3.5 -45
3 -5 7.5 3.5 -135
3 -5 7.5 6 0
3 -5 10 6 0
3 -5 12.5 6 0
3 -5 12.5 6 45
3 -5 12.5 6 0
3 -5 12.5 6 90
3 -5 12.5 6 0
3 -5 15 8.5 45
3 -5 15 8.5 0
3 -5 15 8.5 45
3 -5 15 8.5 0
3 -5 15 8.5 45
3 -5 15 8.5 0
3 -7.5 15 6 45
3 -5 12.5 6 0
3 -5 10 6 0
3 -5 7.5 6 0
3 -7.5 5 6 -135
3 -10 5 6 180
3 -12.5 7.5 6 -90
3 -12.5 7.5 6 -135
3 -12.5 7.5 6 -90
3 -10 7.5 6 -135
3 -10 7.5 6 -90
3 -10 7.5 6 -135
3 -10 7.5 6 -90
3 -10 5 6 -45
3 -7.5 2.5 6 -45
3 -5 2.5 6 -45
3 -5 2.5 6 -90
3 -5 2.5 6 -45
3 -5 2.5 6 -90
3 -5 2.5 6 -45
3 -5 5 6 -90
3 -5 5 6 -45
3 -5 5 6 -90
3 -5 5 6 -45
3 -5 5 6 0
3 -5 5 6 -45
3 -5 5 6 -90
3 -5 5 6 -45
3 -5 5 6 -135
3 -5 5 6 0
3 -5 5 6 -45
3 -5 5 6 -90
3 -5 2.5 6 -45
3 -5 2.5 6 -90
3 -5 0 6 -45
3 -5 0 6 180
3 -5 0 6 -45
3 -5 0 6 180
3 -5 0 6 -45
3 -5 0 6 180
3 -5 0 6 -45
3 -5 0 6 45
3 -5 0 6 180
3 -5 -2.5 6 0
3 -5 -5 6 0
3 -5 -5 6 45
3 -5 -5 6 0
3 -5 -7.5 6 0
