1 -7.5 0 6 -45
1 -5 0 6 0
1 -5 0 6 135
1 -5 -2.5 6 135
1 -5 -5 6 0
1 -5 -10 6 0
1 -5 -15 6 0
1 -5 -12.5 3.5 0
1 -5 -7.5 3.5 45
1 -7.5 -5 3.5 45
1 -5 -2.5 6 45
1 -5 2.5 6 45
1 -5 5 6 45
1 -5 10 6 45
1 -5 12.5 6 45
1 -5 15 8.5 0
1 -5 12.5 6 0
1 -5 10 3.5 0
1 -5 7.5 3.5 0
1 -5 7.5 6 0
1 -7.5 2.5 6 0
1 -7.5 2.5 6 135
1 -10 2.5 6 135
1 -7.5 0 6 135
1 -7.5 -2.5 6 135
1 -7.5 -5 6 90
1 -7.5 -2.5 6 90
1 -12.5 -2.5 6 90
1 -12.5 -5 3.5 90
1 -12.5 0 6 90
1 -12.5 2.5 6 90
1 -7.5 0 6 90
1 -5 -5 6 90
1 -7.5 -5 3.5 90
1 -5 -2.5 6 90
1 0 -2.5 8.5 90
1 5 -2.5 6 90
1 5 -5 6 135
1 7.5 -5 6 135
1 7.5 -5 6 90
1 7.5 -2.5 6 90
1 10 0 6 90
1 12.5 0 6 90
1 12.5 -2.5 6 90
1 12.5 -5 3.5 90
1 10 -5 3.5 135
1 5 -7.5 3.5 135
1 5 -10 6 180
1 5 -15 6 180
1 5 -12.5 3.5 180
1 5 -10 3.5 180
1 5 -5 6 180
1 5 -2.5 6 135
1 5 0 6 135
1 5 2.5 6 135
1 5 5 6 135
1 5 10 6 135
1 5 12.5 6 135
1 5 7.5 6 135
1 5 10 3.5 135
1 7.5 12.5 6 135
1 5 7.5 3.5 135
1 5 7.5 3.5 180
1 5 5 6 180
1 7.5 2.5 6 180
1 10 5 6 180
1 12.5 2.5 6 180
1 15 2.5 6 180
1 17.5 5 6 180
1 17.5 7.5 6 180
1 17.5 2.5 6 180
1 12.5 0 6 180
1 10 -5 3.5 180
1 7.5 -5 3.5 180
1 5 0 6 180
1 5 2.5 6 180
1 5 2.5 6 -135
1 7.5 5 6 -135
1 5 5 6 -135
1 5 7.5 3.5 -135
1 10 7.5 3.5 -135
1 12.5 7.5 6 -135
1 10 2.5 6 -135
1 7.5 2.5 6 -135
1 5 0 6 -135
1 5 -5 6 -135
1 5 -7.5 6 -135
1 5 -10 6 -135
1 5 -12.5 6 -135
1 15 10 6 -135
1 -5 12.5 6 90
1 5 12.5 6 90
1 -5 12.5 6 90
1 -5 12.5 6 90
1 5 12.5 6 90
1 -5 12.5 6 90
1 2.5 12.5 8.5 90
1 2.5 12.5 8.5 90
1 -7.5 12.5 6 90
1 -7.5 12.5 6 90
1 -2.5 12.5 8.5 90
1 -2.5 12.5 8.5 90
1 0 10 8.5 135
1 0 10 8.5 135
1 -2.5 12.5 8.5 135
1 -2.5 12.5 8.5 135
1 2.5 15 11 135
1 2.5 15 11 135
1 5 15 8.5 135
1 2.5 12.5 8.5 135
1 -12.5 2.5 6 135
1 -12.5 2.5 6 135
1 -12.5 0 6 135
1 -12.5 2.5 6 135
1 -12.5 2.5 6 135
1 -12.5 0 6 135
1 -12.5 0 6 135
1 -12.5 0 6 135
1 -5 2.5 6 135
1 -5 -5 6 135
1 -10 0 6 135
1 -5 2.5 6 135
1 -7.5 -5 3.5 135
1 -5 2.5 6 135
1 -5 -5 6 135
1 -5 2.5 6 135
1 -10 0 6 135
1 -5 -5 6 135
1 -7.5 -5 3.5 135
1 -5 -5 6 135
1 -10 0 6 135
1 -10 0 6 135
1 -7.5 -5 3.5 135
1 -7.5 -5 3.5 135
1 -7.5 -5 6 135
1 -7.5 -5 6 135
1 -7.5 -7.5 3.5 135
