1 -7.5 0 6 -45
1 -5 2.5 6 0
1 -5 5 6 0
1 -5 7.5 3.5 0
1 -5 10 3.5 0
1 -5 12.5 6 0
1 -5 15 8.5 0
1 -5 17.5 8.5 0
1 -2.5 20 8.5 -90
1 0 20 11 -90
1 2.5 20 8.5 -135
1 5 17.5 8.5 180
1 7.5 17.5 6 180
1 7.5 15 6 135
1 5 12.5 6 90
1 5 10 3.5 90
1 5 7.5 6 135
1 7.5 5 6 0
1 7.5 2.5 6 0
1 5 0 6 0
1 7.5 -2.5 6 45
1 7.5 -5 3.5 45
1 5 -7.5 3.5 90
1 5 -10 6 135
1 5 -12.5 3.5 135
1 5 -15 3.5 135
1 0 7.5 8.5 90
1 0 10 8.5 90
1 0 12.5 11 90
1 2.5 15 11 135
1 2.5 12.5 8.5 90
1 2.5 20 3.5 180
1 2.5 20 6 -135
1 -2.5 20 3.5 -135
1 -2.5 20 6 -135
1 -7.5 20 3.5 -45
1 -10 17.5 3.5 0
1 -7.5 20 6 -90
1 -2.5 20 11 -90
1 -7.5 17.5 6 0
1 -5 0 6 0
