3 2 -5.5 1.5 135
3 0.5 -4 1.5 45
3 -1 -4 3 45
3 -1 -2.5 4.5 0
3 -1 -1 4.5 0
3 0.5 -1 6 0
3 2 -1 6 0
3 2 -2.5 4.5 0
3 3.5 -4 4.5 0
3 5 -4 4.5 0
3 6.5 -4 4.5 0
3 8 -4 4.5 0
3 9.5 -5.5 4.5 0
3 9.5 -7 4.5 0
3 11 -7 6 45
3 11 -8.5 6 45
3 12.5 -8.5 4.5 45
3 11 -8.5 3 45
3 11 -8.5 1.5 45
3 12.5 -10 1.5 90
3 14 -10 1.5 90
3 15.5 -10 1.5 90
3 17 -8.5 1.5 135
3 18.5 -8.5 3 90
3 20 -7 3 90
3 20 -5.5 4.5 90
3 18.5 -5.5 6 90
3 17 -5.5 4.5 45
3 15.5 -5.5 6 45
3 14 -4 6 0
3 12.5 -2.5 6 0
3 12.5 -1 6 0
3 12.5 0.5 6 0
3 12.5 2 6 0
3 14 3.5 6 0
3 15.5 5 6 180
3 17 5 6 180
3 15.5 -10 4.5 90
3 17 -10 4.5 45
3 15.5 -8.5 4.5 45
3 17 -8.5 6 45
3 15.5 -8.5 6 45
3 15.5 -7 6 45
