1 -0.399997 -0.0999972 2 0
1 -0.0999972 -0.399997 2 45
1 0.200003 -0.399997 2.3 45
1 0.500003 -0.399997 2.3 45
1 0.800003 -0.699997 2.3 45
1 1.1 -0.699997 2.3 45
1 1.4 -0.699997 2.6 45
1 1.7 -0.699997 2.6 45
1 2 -0.699997 2.6 45
1 2 -0.399997 2.9 45
1 2.3 -0.399997 2.9 45
1 2.6 -0.699997 2.9 45
1 2.9 -0.699997 2.9 45
1 3.2 -0.699997 2.9 45
1 3.5 -0.699997 2.9 45
1 3.5 -0.399997 3.2 45
1 3.8 -0.399997 3.5 45
1 4.1 -0.399997 3.5 45
1 4.1 -0.699997 3.2 45
1 4.1 -0.999997 2.9 90
1 4.4 -0.999997 2.6 90
1 4.1 -0.999997 2.3 90
1 3.8 -0.999997 2.3 90
1 3.5 -0.999997 2.3 90
1 3.2 -0.999997 2.6 90
1 2.9 -0.999997 2.6 90
1 2.6 -0.999997 2.3 90
1 2.6 -0.999997 2 90
1 2.3 -0.999997 2 90
1 2 -0.999997 2.3 90
1 1.7 -0.999997 2 90
1 2 -0.999997 2 90
1 1.7 -0.999997 2.3 90
1 1.4 -0.999997 2 90
1 1.4 -0.699997 2.3 90
1 1.4 -0.399997 2.6 45
1 1.1 -0.0999972 2.6 45
1 1.1 0.200003 2.6 0
1 1.4 0.500003 2.6 -45
1 1.7 0.500003 2.6 -45
1 1.7 0.800003 2.3 -90
1 1.4 0.800003 2 -90
1 1.1 0.800003 2.3 -90
1 0.800003 0.500003 2.3 -45
1 0.500003 0.500003 2.3 -45
1 0.200003 0.500003 2 -45
1 0.200003 0.500003 2.3 -45
1 -0.0999972 0.500003 2 -45
1 -0.0999972 0.200003 2.3 -45
1 0.200003 -0.0999972 2.3 0
1 0.500003 -0.0999972 2.6 0
1 0.800003 -0.0999972 2.6 0
1 1.1 -0.399997 2.6 45
1 1.4 -0.399997 2.9 45
1 1.7 -0.0999972 2.9 0
1 2 0.200003 2.9 0
1 2.3 0.500003 2.9 -45
1 2.6 0.500003 2.9 -45
1 2.9 0.500003 2.9 -45
1 2.9 0.800003 2.6 -45
1 2.6 0.800003 2.6 -90
1 2.6 1.1 2.3 -90
1 2.9 1.1 2.3 -90
1 3.2 1.1 2.3 -90
1 3.5 1.1 2.3 -90
1 3.8 1.1 2.3 -90
1 4.1 1.1 2.6 -90
1 4.1 0.800003 2.9 -90
1 4.4 0.800003 3.2 -90
1 4.4 0.500003 3.5 -45
1 4.7 0.800003 3.5 -90
1 5 0.800003 3.5 -90
1 5.3 0.800003 3.5 -90
1 5.6 0.800003 3.5 -90
1 5.9 0.800003 3.5 -90
1 6.2 0.800003 3.5 -90
1 6.5 0.500003 3.5 -45
1 6.8 0.500003 3.5 -135
1 7.1 0.500003 3.5 -90
1 7.1 0.800003 3.2 -90
1 7.4 0.800003 3.2 -90
1 7.7 0.800003 3.2 -90
1 8 0.800003 3.2 -45
1 8.3 0.800003 3.2 -90
1 8.6 0.800003 3.2 -90
1 8.9 0.500003 3.2 -45
1 9.2 0.500003 3.2 -45
1 9.5 0.500003 3.2 -45
1 9.8 0.500003 3.2 -45
1 10.1 0.500003 3.2 -90
1 10.4 0.500003 3.2 -90
1 10.7 0.200003 3.2 -45
1 10.7 0.500003 3.2 -90
1 11 0.500003 3.2 -90
1 11 0.200003 3.2 -90
1 10.7 -0.0999972 3.2 -135
1 10.4 -0.399997 3.2 135
1 10.1 -0.699997 3.2 135
1 9.8 -0.699997 3.2 135
1 9.5 -0.699997 3.2 135
1 9.2 -0.699997 3.2 135
1 8.9 -0.699997 3.2 135
1 8.6 -0.699997 3.2 135
1 8.3 -0.699997 3.2 135
1 8 -0.699997 3.2 135
1 7.7 -0.699997 3.2 135
1 7.4 -0.699997 3.2 135
1 7.1 -0.699997 3.2 135
1 6.8 -0.699997 3.5 90
1 6.5 -0.699997 3.5 135
1 6.2 -0.699997 3.5 135
1 6.2 -0.999997 3.2 90
1 6.2 -0.999997 2.9 -45
1 5.9 -0.999997 2.9 45
1 5.9 -1.3 2.9 0
1 5.6 -0.999997 2.9 90
1 5.3 -0.999997 2.6 90
1 5 -0.999997 2.3 90
1 4.7 -0.999997 2.3 90
1 5 -0.999997 2.6 90
1 4.7 -0.999997 2.9 90
1 5 -0.999997 3.2 90
1 5 -0.699997 3.5 45
1 4.7 -0.699997 3.5 45
1 4.7 -0.399997 3.8 45
1 5 -0.399997 3.8 45
1 5.3 -0.399997 3.8 45
1 5.6 -0.399997 3.8 45
1 5.9 -0.399997 3.8 45
1 5.9 -0.699997 3.5 135
1 5.9 -0.999997 3.2 90
1 5.6 -0.999997 3.2 90
1 5.6 -1.3 2.9 0
1 5.9 -1.6 2.9 0
1 6.2 -1.3 2.9 0
1 6.2 -1.6 2.9 45
1 6.5 -1.9 2.9 45
1 6.8 -1.9 2.9 45
1 7.1 -1.9 2.9 45
1 7.4 -1.9 2.9 45
1 7.7 -1.9 2.9 45
1 8 -1.9 2.9 45
1 8.3 -1.9 2.9 45
1 8.3 -2.2 2.6 45
1 8 -2.2 2.3 90
1 7.7 -2.2 2.3 90
1 7.4 -2.2 2.3 90
1 7.1 -2.2 2.3 90
1 6.8 -2.2 2.6 90
1 6.5 -2.2 2.6 90
1 6.8 -2.2 2.3 90
1 7.1 -2.2 2.6 90
1 7.4 -2.2 2.6 90
1 7.7 -2.2 2.6 90
1 8 -2.2 2.6 45
1 8.3 -2.2 2.9 45
1 8.6 -1.9 2.9 45
1 8.9 -1.9 2.9 45
1 9.2 -2.2 2.9 45
1 9.2 -2.5 2.6 45
1 9.5 -2.8 2.6 45
1 9.8 -3.1 2.6 45
1 10.1 -3.1 2.6 45
1 10.4 -3.4 2.6 45
1 10.7 -3.7 2.6 45
1 11 -4 2.6 45
1 11.3 -4.3 2.6 45
1 11.3 -4.6 2.6 45
1 11.6 -4.9 2.6 45
1 11.9 -5.2 2.6 45
1 12.2 -5.5 2.6 45
1 12.5 -5.8 2.6 45
1 12.8 -6.1 2.6 45
1 12.8 -6.4 2.6 45
1 13.1 -6.7 2.6 45
1 13.4 -6.7 2.6 45
1 13.7 -6.7 2.6 90
1 14 -6.7 2.6 90
1 14.3 -6.7 2.6 90
1 14.6 -6.7 2.6 90
1 14.9 -6.4 2.6 135
1 15.2 -6.1 2.6 180
1 15.2 -5.8 2.6 180
1 14.9 -5.5 2.6 180
1 14.9 -5.2 2.6 180
1 14.9 -4.9 2.6 180
1 14.6 -4.6 2.6 180
1 14.6 -4.3 2.6 180
1 14.6 -4 2.6 180
1 14.6 -3.7 2.6 180
1 14.6 -3.4 2.6 180
1 14.6 -3.1 2.6 180
1 14.6 -2.8 2.6 135
1 14.6 -2.5 2.6 90
1 14.9 -2.5 2.6 90
1 15.2 -2.5 2.6 90
1 15.5 -2.5 2.6 90
1 15.8 -2.5 2.6 90
1 16.1 -2.5 2.6 90
1 16.4 -2.5 2.6 90
1 16.7 -2.5 2.6 90
1 17 -2.5 2.6 90
1 17.3 -2.2 2.6 45
1 17.6 -2.2 2.9 90
1 17.6 -2.2 3.2 90
1 17.6 -2.2 3.5 90
1 17.3 -2.2 3.8 90
1 17.6 -2.2 4.1 90
1 17.6 -2.2 4.4 90
1 17.9 -2.2 4.7 90
1 18.2 -2.2 5 90
1 18.2 -2.2 5.3 90
1 17.9 -2.2 5.6 90
1 17.6 -2.2 5.6 90
1 17.3 -2.2 5.3 90
1 17 -2.2 5 45
1 16.7 -2.2 4.7 45
1 16.7 -2.2 4.4 45
1 16.4 -2.2 4.1 45
1 16.1 -2.2 3.8 45
1 15.8 -2.2 3.5 45
1 15.8 -2.2 3.2 45
1 15.5 -2.2 2.9 45
1 15.2 -1.9 2.9 90
1 14.9 -1.6 2.9 90
1 14.9 -1.9 2.9 90
1 14.6 -1.6 2.9 135
1 14.3 -1.6 2.9 135
1 14 -1.6 2.9 135
1 13.7 -1.6 2.9 135
1 13.4 -1.6 2.9 135
1 13.1 -1.6 2.9 135
1 12.8 -1.6 2.9 90
1 12.5 -1.3 2.9 90
1 12.2 -0.999997 2.9 180
1 11.9 -0.699997 2.9 90
1 11.9 -0.999997 2.9 135
1 11.9 -1.3 2.9 180
1 11.9 -1.6 2.9 180
1 11.6 -1.9 2.9 180
1 11.3 -1.9 2.9 135
1 11 -1.9 2.9 135
1 10.7 -2.2 2.9 135
1 10.4 -2.2 2.9 135
1 10.1 -2.2 2.9 90
1 9.8 -2.2 2.9 90
1 10.1 -2.5 2.9 45
1 10.4 -2.8 2.9 90
1 10.7 -2.5 2.9 45
1 11 -2.8 2.9 90
1 11.3 -2.5 2.9 45
1 11.6 -2.5 2.9 90
1 11.9 -2.2 2.9 45
1 12.2 -1.9 2.9 45
1 12.2 -1.6 2.9 90
1 11.9 -1.9 2.9 90
1 12.2 -2.2 2.9 135
1 12.2 -2.5 2.9 90
1 12.2 -2.8 2.9 90
1 12.5 -2.5 2.9 90
1 12.8 -2.2 2.9 90
1 13.1 -2.2 2.9 90
1 13.4 -2.2 2.9 90
1 13.7 -2.2 2.9 90
1 14 -1.9 2.9 45
1 14.3 -1.9 2.9 45
1 14 -2.2 2.9 90
1 14 -2.5 2.9 90
1 13.7 -2.5 2.9 90
1 13.4 -2.5 2.9 90
1 13.1 -2.5 2.9 90
1 13.1 -2.8 2.9 90
1 12.8 -2.8 2.9 90
1 12.5 -3.1 2.9 90
1 12.2 -3.1 2.9 90
1 11.9 -3.1 2.9 90
1 11.6 -3.1 2.9 90
1 11.6 -2.8 2.9 90
1 11.3 -2.8 2.9 135
1 11.3 -3.1 2.9 135
1 11.6 -3.4 2.9 135
1 11.9 -3.4 2.9 135
1 12.2 -3.4 2.9 135
1 12.5 -3.4 2.9 135
1 12.8 -3.1 2.9 135
1 13.1 -3.1 2.9 135
1 13.4 -2.8 2.9 135
1 13.7 -2.8 2.9 135
1 14 -2.8 2.9 135
1 14.3 -2.5 2.9 135
1 14.6 -2.5 2.9 180
1 14.6 -2.2 2.9 90
1 14.6 -1.9 2.9 90
1 14.9 -2.2 2.9 90
1 15.2 -2.2 2.9 45
1 15.5 -2.2 3.2 45
1 15.5 -1.9 3.5 0
1 15.8 -1.9 3.8 0
1 16.1 -1.9 4.1 0
1 16.4 -1.9 4.4 0
1 16.4 -1.9 4.7 0
1 16.7 -1.9 5 0
1 16.7 -1.9 5.3 0
1 17 -2.2 5.3 45
1 17.3 -2.2 5.6 45
1 17 -2.2 5.6 45
1 17 -1.9 5.6 45
1 17.3 -1.9 5.9 45
1 17.6 -1.9 5.9 45
1 17.9 -1.9 5.9 45
1 17.9 -1.6 5.9 0
1 17.9 -1.3 5.6 -90
1 17.6 -1.3 5.3 -90
1 17.6 -1.3 5 -90
1 17.3 -1.3 4.7 -90
1 17.3 -1.3 4.4 -90
1 17.3 -1.3 4.1 -90
1 17.6 -1.3 3.8 -90
1 17.9 -1.3 3.8 -90
1 18.2 -1.3 4.1 -90
1 18.2 -1.3 4.4 -90
1 18.2 -1.3 4.7 -90
1 17.9 -1.3 5 -90
1 17.6 -1.3 4.7 -90
1 17.6 -1.3 4.4 -135
1 17.6 -1.3 4.1 -135
1 17.9 -1.3 4.4 -90
1 17.9 -1.3 4.1 -45
1 18.2 -1.3 3.8 -90
1 18.2 -1.3 3.5 -90
1 17.9 -1.3 3.2 -135
1 17.9 -1.3 2.9 -90
1 18.2 -1.3 2.6 -90
1 18.5 -1.3 2.3 -90
1 18.8 -1.3 2.3 -90
1 18.5 -1.3 2 180
1 18.5 -0.999997 2 180
1 18.5 -0.699997 2 180
1 18.5 -0.399997 2 180
1 18.5 -0.699997 2.3 180
1 18.2 -0.699997 2.6 180
1 17.9 -0.399997 2.6 -135
1 17.9 -0.0999972 2.3 90
1 17.9 0.200003 2.6 135
1 18.2 0.200003 2.6 135
1 18.2 -0.0999972 2.3 -135
1 17.9 -0.0999972 2.6 -135
1 17.6 -0.0999972 2.6 -135
1 17.3 -0.0999972 2.6 -135
1 17 -0.0999972 2.6 135
1 16.7 -0.0999972 2.6 -135
1 16.7 -0.399997 2.9 -135
1 16.4 -0.699997 2.9 -135
1 16.1 -0.699997 2.9 180
1 15.8 -0.999997 2.9 180
1 15.8 -0.699997 2.9 180
1 15.5 -0.399997 2.9 180
1 15.2 -0.0999972 2.9 90
1 14.9 -0.0999972 2.9 90
1 14.6 -0.0999972 2.9 90
1 14.3 -0.0999972 2.9 90
1 14 -0.0999972 2.9 135
1 13.7 -0.0999972 2.9 90
1 13.4 -0.0999972 2.9 -90
1 13.1 -0.0999972 2.9 -135
1 12.8 -0.0999972 2.9 -90
1 12.5 0.200003 2.9 180
1 12.2 0.500003 2.9 180
1 11.9 0.500003 2.9 -135
1 11.9 0.800003 2.9 0
1 12.2 0.800003 2.9 0
1 12.2 1.1 2.9 135
1 11.9 1.1 2.9 180
1 12.2 1.4 2.9 135
1 11.9 1.7 2.9 180
1 11.6 1.7 2.9 180
1 11.3 2 2.9 -135
1 11 2 2.9 -135
1 10.7 2 2.9 -135
1 10.4 2 2.9 -135
1 10.1 2 2.9 -135
1 9.8 2 2.9 -135
1 9.5 2 2.9 -135
1 9.2 2 2.9 -135
1 9.2 2.3 2.6 -90
1 9.5 2.6 2.6 -45
1 9.8 2.9 2.6 -45
1 10.1 3.2 2.6 -45
1 10.4 3.5 2.6 -45
1 10.7 3.8 2.6 -45
1 11 4.1 2.6 -45
1 11.3 4.4 2.6 -45
1 11.6 4.7 2.6 -45
1 11.9 5 2.6 -45
1 11.9 5.3 2.6 -45
1 12.2 5.6 2.6 -45
1 12.5 5.9 2.6 -45
1 12.8 6.2 2.6 -45
1 13.1 6.5 2.6 -45
1 13.4 6.5 2.9 -45
1 13.4 6.2 2.9 -45
1 13.1 5.9 2.9 -45
1 12.8 5.9 2.9 -45
1 12.8 5.6 2.9 -45
1 12.5 5.6 2.9 -45
1 12.5 5.3 2.9 -45
1 12.5 5 2.9 -45
1 12.5 4.7 2.9 -45
1 12.2 4.4 2.9 -45
1 12.2 4.1 2.9 -45
1 11.9 3.8 2.9 -45
1 11.6 3.8 2.9 -90
1 11.3 3.5 2.9 -90
1 11 3.2 2.9 -90
1 10.7 2.9 2.9 -90
1 10.7 2.6 2.9 -90
1 11 2.9 2.9 -45
1 11.3 2.6 2.9 -45
1 11.3 2.3 2.9 -45
1 11.6 2.3 2.9 -45
1 11.9 2.3 2.9 -45
1 12.2 2 2.9 -45
1 12.5 1.7 2.9 -90
1 12.8 1.4 2.9 -45
1 13.1 1.4 2.9 -45
1 13.4 1.4 2.9 -45
1 13.7 1.4 2.9 -45
1 14 1.4 2.9 -45
1 14.3 1.4 2.9 -45
1 14.6 1.4 2.9 -45
1 14.9 1.4 2.9 -45
1 15.2 1.4 2.9 0
1 15.5 1.1 2.9 45
1 15.8 1.1 3.2 45
1 15.8 1.1 3.5 45
1 16.1 1.1 3.8 45
1 16.4 1.1 3.8 45
1 16.7 1.1 3.8 90
1 17 1.1 3.5 90
1 17.3 1.1 3.2 90
1 17.6 1.1 2.9 90
1 17.9 1.1 2.9 90
1 17.9 1.1 2.6 -135
1 18.2 1.1 2.6 90
1 18.5 1.1 2.3 90
1 18.8 1.1 2.3 90
1 19.1 1.1 2.3 90
1 19.4 1.4 2.3 135
1 19.1 1.4 2.6 135
1 18.8 1.4 2.6 135
1 18.5 1.1 2.6 -135
1 18.2 0.800003 2.6 180
1 18.5 0.800003 2.3 135
1 18.5 0.500003 2 180
1 18.5 0.500003 1.7 180
1 18.5 0.800003 2 180
1 18.5 0.800003 1.7 180
1 18.5 1.1 2 90
1 18.8 1.1 2 90
1 19.1 1.1 2 90
1 19.4 1.1 2.3 90
1 19.4 1.4 2.6 90
1 19.1 1.7 2.6 135
1 18.8 2 2.6 180
1 18.5 2 2.6 -135
1 18.2 2 2.6 -135
1 17.9 2 2.9 -135
1 17.9 2 3.2 -90
1 17.9 2 3.5 -90
1 17.9 2 3.8 -135
1 17.9 2 4.1 -135
1 17.9 2 4.4 -135
1 17.9 2 4.7 -135
1 17.9 2 5 -135
1 18.2 2 5.3 -90
1 17.9 2 5.3 -135
1 17.6 2 5.6 -90
1 17.3 2 5.3 -90
1 17 2 5 -90
1 16.7 2 4.7 -45
1 16.7 2 4.4 -90
1 16.4 2 4.1 -45
1 16.1 2 3.8 -45
1 15.8 2 3.5 -45
1 15.8 2 3.2 -45
1 15.5 2 2.9 -45
1 15.5 2.3 2.6 -90
1 15.2 2.3 2.6 -90
1 14.9 2.3 2.6 -90
1 14.6 2.3 2.6 -90
1 14.6 2.6 2.6 180
1 14.6 2.9 2.6 180
1 14.6 3.2 2.6 180
1 14.6 3.5 2.6 180
1 14.6 3.8 2.6 135
1 14.6 4.1 2.6 135
1 14.9 4.4 2.6 135
1 14.9 4.7 2.6 135
1 14.9 5 2.6 135
1 15.2 5.3 2.6 135
1 15.2 5.6 2.6 135
1 14.9 5.6 2.9 135
1 14.6 5.6 2.9 135
1 14.3 5.6 2.9 135
1 14.3 5.3 2.9 135
1 14 5 2.9 135
1 13.7 5 2.9 135
1 13.7 4.7 2.9 135
1 13.7 4.4 2.9 135
1 13.4 4.1 2.9 135
1 13.1 4.4 2.9 135
1 12.8 4.1 2.9 135
1 12.5 3.8 2.9 135
1 12.2 3.5 2.9 180
1 11.9 3.5 2.9 180
1 11.6 3.2 2.9 180
1 11.3 2.9 2.9 -135
1 11 2.6 2.9 180
1 11 2.3 2.9 -135
1 10.7 2.3 2.9 180
1 10.4 2.3 2.9 -135
1 10.1 2.6 2.9 -90
1 9.8 2.6 2.9 -45
1 9.5 2.3 2.9 -45
1 9.2 2.3 2.9 -45
1 8.9 2.3 2.6 -90
1 8.6 2.3 2.6 -90
1 8.6 2 2.9 -90
1 8.3 2 2.9 -90
1 8 2 2.9 -90
1 7.7 2 2.9 -90
1 7.4 2 2.6 -90
1 7.4 2 2.3 -90
1 7.7 2 2 -90
1 8 2 2 -90
1 8.3 2 2 -90
1 8.6 2 1.7 -90
1 8.9 2 1.4 -90
1 9.2 2 1.4 -45
1 9.5 2 1.7 -90
1 9.8 2 1.7 -90
1 9.5 2 1.4 -45
1 9.2 2 1.7 -90
1 8.9 2 1.7 -90
1 8.6 2 1.4 -135
1 8.3 2 1.4 -90
1 8 2 1.7 -90
1 7.7 2 1.7 -90
1 7.4 2 2 -90
1 7.1 2 2.3 -90
1 6.8 2 2.6 -90
1 6.5 2 2.6 -90
1 6.5 1.7 2.9 -90
1 6.2 1.7 2.9 -90
1 6.2 2 2.6 -90
1 6.5 2 2.9 -90
1 6.8 2 2.9 -90
1 7.1 2 2.9 -90
1 7.4 2 2.9 -90
1 7.7 2 2.6 -45
1 8 2.3 2.6 -45
1 8.3 2.3 2.3 -90
1 8.6 2.3 2.3 -90
1 8.9 2.3 2.3 -90
1 9.2 2.3 2 -90
1 8.9 2.3 2 -90
1 8.6 2.3 2 -90
1 8.3 2.3 2 -90
1 8.3 2 1.7 -90
1 8 2 1.4 -90
1 8.3 2.3 1.4 -90
1 8.6 2.3 1.4 -90
1 8.9 2.3 1.4 -90
1 9.2 2.3 1.4 -90
1 9.5 2.3 1.4 -90
1 9.8 2.3 1.4 -90
1 10.1 2.3 1.4 -90
1 10.4 2 1.4 -90
1 10.7 2 1.4 -90
1 11 2 1.4 -90
1 11 2.3 1.4 -90
1 11 2.3 1.7 -90
1 10.7 2.3 1.7 -90
1 10.4 2.3 1.7 -90
1 10.1 2.3 1.7 -90
1 10.4 2.3 1.4 -90
1 10.7 2.3 1.4 -90
1 10.7 2.3 1.1 -45
