1 -1 0 0.5 0
1 -1 -0.5 0.5 0
1 -0.5 -0.5 1 0
1 0 -1 1 45
1 0.5 -1 1 45
1 0.5 -1 1 90
1 1 -1.5 1 45
1 1 -1.5 0.5 90
1 0.5 -1.5 0.5 45
1 0.5 -1.5 1 45
1 0.5 -1 1.5 45
1 1 -1 1.5 45
1 1.5 -0.5 1.5 45
1 2 -1 1.5 90
1 1.5 -1 1.5 90
1 1 -0.5 1.5 45
1 1.5 0 1.5 0
1 1.5 0.5 1.5 -45
1 1 1 1.5 -45
1 0.5 1 1 -45
1 1 1.5 1 -45
1 1 1.5 0.5 -90
1 0.5 1.5 0.5 -45
1 0.5 1.5 1 -45
1 0 1 1 -45
1 0.5 1 1.5 -45
1 1 0.5 1.5 -45
1 1.5 1 1.5 -45
1 2 1 1.5 -45
1 2.5 1 1.5 -135
1 3 1 1.5 -135
1 3 1.5 1 -135
1 3 1.5 1 -90
1 3.5 1 1 -135
1 3.5 0.5 1.5 -135
1 -0.5 0.5 1.5 -45
1 -1 1 0.5 -45
1 -1 0.5 0.5 -45
1 -1 0.5 1 -45
1 -0.5 1 1 -45
1 0 1.5 0.5 -45
1 -0.5 1 0.5 -45
1 -0.5 0.5 1 -45
1 0 0.5 1.5 -45
1 -0.5 0 1.5 0
1 -1 0 1 0
1 0.5 0.5 1.5 -45
1 -0.5 -1 0.5 0
1 -0.5 -1 1 0
1 -1 -0.5 1 0
1 -0.5 -0.5 1.5 0
1 0 -0.5 1.5 0
1 0 0 1.5 0
1 0.5 -0.5 1.5 0
1 0.5 0 1.5 0
1 1 0 1.5 0
