1 -2 0 1 0
1 -2 -0.5 1 0
1 -1.5 -0.5 1.5 0
1 -1 -0.5 2 45
1 -0.5 -1 2 45
1 0 -1.5 2 45
1 0.5 -1.5 2 45
1 1 -2 2 90
1 1.5 -2 2 90
1 1.5 -2 2 45
1 1.5 -2.5 2 45
1 1 -2.5 1.5 90
1 0.5 -2 1.5 90
1 0 -2 1 45
1 -0.5 -2 1 45
1 -0.5 -1.5 1.5 45
1 0 -2 1.5 45
1 0.5 -2 2 90
1 1 -2.5 2 90
1 0.5 -2.5 1.5 90
1 0.5 -2.5 1 90
1 1 -3 1 90
1 1.5 -3 1 90
1 2 -3 1 90
1 2.5 -3 1 90
1 2.5 -2.5 1.5 90
1 2.5 -2 2 90
1 3 -2 2 90
1 3.5 -2 1.5 90
1 3.5 -2 1.5 135
1 4 -2 1 135
1 4.5 -1.5 1 135
1 4.5 -1 1.5 135
1 4.5 -0.5 1.5 180
1 4.5 -0.5 1.5 135
1 4.5 0 1.5 180
1 4.5 0.5 1.5 180
1 4.5 1 1.5 180
1 4 1 2 -135
1 4 1 2 180
1 4 1.5 2 180
1 4 2 1.5 180
1 3.5 2 1.5 -135
1 3 2 2 -135
1 2.5 2 2 -90
1 2.5 2 2 -135
1 2.5 2.5 1.5 -90
1 2 2.5 2 -135
1 1.5 2 2 -90
1 1 2 2 -90
1 0.5 2 1.5 -45
1 0.5 -2.5 0.5 90
1 0 -2.5 1 90
