3 -7 0.5 2.5 0
3 -7 2 2.5 -45
3 -5.5 2 4 -45
3 -4 2 5.5 -45
3 -2.5 2 5.5 -45
3 -2.5 3.5 4 -45
3 -1 3.5 4 -45
3 0.5 3.5 5.5 -45
3 2 3.5 5.5 -45
3 3.5 3.5 5.5 -45
3 5 3.5 5.5 -45
3 5 3.5 5.5 -90
3 5 3.5 5.5 -45
3 3.5 5 5.5 -45
3 2 5 4 -45
3 2 5 2.5 -45
3 0.5 5 2.5 -45
3 2 6.5 2.5 -45
3 3.5 6.5 4 -45
3 3.5 5 5.5 -45
3 5 3.5 5.5 -45
3 6.5 5 5.5 -45
3 8 5 5.5 -45
3 8 5 5.5 -90
3 8 5 5.5 -45
3 9.5 6.5 5.5 -135
3 9.5 6.5 5.5 -90
3 9.5 6.5 5.5 -135
3 9.5 5 5.5 -90
3 9.5 5 5.5 -45
3 9.5 5 5.5 -135
3 9.5 5 5.5 -45
3 11 5 5.5 -135
3 12.5 5 5.5 -135
3 12.5 6.5 4 -135
3 11 6.5 4 -135
3 11 6.5 2.5 -90
3 11 6.5 2.5 -135
3 11 6.5 2.5 -90
3 11 6.5 2.5 -135
3 11 6.5 4 -135
3 11 5 5.5 -135
3 9.5 5 5.5 -135
3 9.5 5 7 -135
3 8 3.5 7 -90
3 6.5 3.5 7 -90
3 5 3.5 5.5 -135
3 3.5 3.5 5.5 -90
3 3.5 3.5 5.5 -135
3 3.5 3.5 5.5 -90
3 2 3.5 5.5 -90
3 0.5 3.5 5.5 -90
3 -1 3.5 4 -90
3 -2.5 3.5 2.5 -90
3 -2.5 3.5 2.5 -45
3 -2.5 3.5 2.5 -90
3 -2.5 3.5 2.5 -45
3 -1 5 2.5 -45
3 0.5 5 2.5 -45
3 2 5 2.5 -45
3 2 5 4 -45
3 2 5 2.5 -45
3 0.5 5 2.5 -45
3 2 5 2.5 -45
3 2 5 2.5 -135
3 2 5 2.5 -45
3 2 5 4 -45
3 2 3.5 5.5 0
3 2 3.5 5.5 -45
3 2 3.5 5.5 0
3 3.5 3.5 5.5 -45
3 5 3.5 7 -90
3 6.5 2 7 -90
3 6.5 0.5 7 -45
3 8 0.5 7 -45
3 6.5 0.5 7 -45
3 5 0.5 7 0
3 6.5 0.5 7 -45
3 5 0.5 7 0
3 5 0.5 7 -45
3 5 0.5 7 0
3 5 2 7 -45
3 5 3.5 7 -90
3 6.5 3.5 7 -90
3 6.5 3.5 7 -45
3 6.5 3.5 7 -90
3 6.5 3.5 7 -45
3 6.5 3.5 7 -90
3 6.5 3.5 7 -45
3 6.5 3.5 7 -90
3 6.5 3.5 7 -45
3 6.5 3.5 7 -90
3 6.5 3.5 7 -45
3 6.5 2 7 -45
3 6.5 0.5 7 -45
3 8 0.5 7 -45
3 6.5 2 7 -45
3 6.5 3.5 7 -45
3 6.5 3.5 7 -90
3 6.5 5 5.5 -135
3 6.5 5 5.5 -45
3 6.5 5 5.5 -90
3 6.5 5 5.5 -135
3 6.5 5 5.5 -45
3 6.5 3.5 7 -90
3 6.5 3.5 7 -45
3 6.5 3.5 7 -90
3 6.5 3.5 7 -45
3 6.5 3.5 7 -90
3 6.5 2 7 -45
3 6.5 0.5 7 -45
3 5 0.5 7 0
3 5 0.5 7 -45
3 5 0.5 7 0
3 3.5 0.5 7 0
3 3.5 2 7 -45
3 3.5 3.5 7 -90
3 2 3.5 7 -90
3 2 3.5 5.5 -135
3 2 3.5 5.5 -45
3 2 3.5 5.5 -135
3 3.5 3.5 5.5 -45
3 3.5 3.5 7 -90
3 2 3.5 7 -90
3 0.5 3.5 7 -45
3 -1 2 7 -45
3 -2.5 2 5.5 -90
3 -2.5 3.5 4 -90
3 -2.5 3.5 2.5 -90
3 -2.5 3.5 2.5 -45
3 -2.5 3.5 4 -90
3 -2.5 3.5 2.5 -45
3 -2.5 3.5 2.5 -90
3 -2.5 3.5 2.5 -45
3 -1 5 2.5 -90
3 0.5 5 2.5 -45
3 2 5 2.5 -45
3 0.5 5 2.5 -45
3 2 5 2.5 -45
3 2 6.5 2.5 -45
3 2 5 2.5 -45
3 0.5 5 2.5 -45
3 2 5 2.5 -45
3 0.5 5 4 -90
3 -1 5 2.5 -90
3 -2.5 3.5 2.5 -45
3 -1 5 2.5 -90
3 0.5 5 4 -90
3 -1 5 2.5 -90
3 0.5 5 4 -90
3 2 5 2.5 -45
3 0.5 5 4 -90
3 -1 5 2.5 -90
3 -2.5 3.5 2.5 -45
3 -2.5 3.5 4 -90
3 -2.5 3.5 5.5 -90
3 -2.5 2 5.5 -90
3 -2.5 3.5 5.5 -90
3 -2.5 3.5 4 -90
3 -2.5 3.5 5.5 -90
3 -2.5 2 5.5 -90
3 -1 2 7 -45
3 -2.5 0.5 7 -45
3 -4 0.5 5.5 0
3 -4 -1 5.5 0
3 -4 -2.5 5.5 45
3 -2.5 -4 5.5 45
3 -1 -4 4 45
3 0.5 -5.5 4 45
3 2 -5.5 2.5 45
3 2 -5.5 2.5 90
3 2 -5.5 2.5 45
3 2 -5.5 2.5 0
3 2 -5.5 2.5 90
3 2 -5.5 2.5 45
3 2 -5.5 2.5 0
3 2 -5.5 4 0
3 3.5 -5.5 5.5 45
3 5 -5.5 5.5 45
3 6.5 -5.5 5.5 45
3 6.5 -5.5 5.5 90
3 6.5 -5.5 5.5 45
3 8 -5.5 5.5 45
