1 -7 0.5 3.5 -45
1 -5.5 2 3.5 0
1 -4 2 5 0
1 -2.5 2 6.5 0
1 -2.5 0.5 6.5 0
1 -1 -1 6.5 0
1 0.5 -1 6.5 0
1 2 -1 6.5 0
1 3.5 -1 6.5 0
1 5 -1 6.5 0
1 6.5 -1 6.5 0
1 6.5 0.5 8 0
1 6.5 2 6.5 0
1 5 2 6.5 0
1 3.5 2 6.5 0
1 2 2 6.5 0
1 2 3.5 5 0
1 0.5 3.5 5 0
1 0.5 5 3.5 0
1 2 6.5 3.5 0
1 3.5 6.5 5 0
1 5 8 5 -90
1 5 9.5 3.5 -90
1 6.5 9.5 3.5 -135
1 8 8 3.5 -135
1 9.5 8 3.5 -135
1 11 8 3.5 -135
1 11 6.5 5 180
1 11 5 5 180
1 12.5 5 6.5 180
1 14 3.5 6.5 180
1 14 3.5 5 180
1 14 3.5 3.5 180
1 15.5 2 3.5 180
1 15.5 0.5 5 135
1 14 -1 5 135
1 14 -1 6.5 135
1 14 -2.5 8 180
1 14 -4 8 135
1 14 -5.5 6.5 135
1 12.5 -5.5 5 90
1 11 -5.5 5 90
1 11 -7 3.5 90
1 11 -8.5 3.5 90
1 9.5 -8.5 5 45
1 8 -8.5 3.5 45
1 6.5 -8.5 5 45
1 -2.5 5 3.5 -135
1 -2.5 3.5 3.5 0
1 -1 5 3.5 0
1 -1 3.5 5 0
