1 -7 0.5 3.5 -45
1 -5.5 2 3.5 -45
1 -4 2 5 -45
1 -2.5 3.5 5 -45
1 -1 3.5 5 -45
1 0.5 3.5 5 -45
1 2 3.5 5 -45
1 3.5 5 5 -45
1 5 6.5 5 -45
1 5 5 6.5 -45
1 6.5 3.5 6.5 -45
1 6.5 2 6.5 -90
1 6.5 0.5 6.5 -45
1 5 0.5 6.5 -45
1 5 2 6.5 -45
1 3.5 2 6.5 -90
1 5 3.5 6.5 -45
1 3.5 3.5 6.5 -45
1 2 2 6.5 -90
1 3.5 0.5 6.5 -45
1 5 -1 6.5 -45
1 6.5 -1 6.5 0
1 6.5 -2.5 6.5 0
1 6.5 -4 6.5 45
1 6.5 -5.5 6.5 90
1 8 -5.5 6.5 90
1 9.5 -5.5 5 90
1 9.5 -7 5 135
1 8 -8.5 5 135
1 6.5 -8.5 3.5 90
1 5 -8.5 3.5 135
1 3.5 -7 3.5 90
1 2 -5.5 3.5 90
1 2 -7 3.5 135
