1 -7 0 3.5 0
1 -6 0 4.5 0
1 -5 0 5.5 0
1 -4 0 5.5 0
1 -3 0 6.5 0
1 -2 0 6.5 0
1 -1 0 6.5 0
1 0 0 6.5 0
1 1 0 6.5 0
1 2 0 6.5 0
1 3 0 6.5 0
1 4 0 6.5 0
1 5 0 6.5 0
1 6 0 6.5 0
1 7 0 6.5 0
1 7 -1 7.5 0
1 7 -2 6.5 0
1 6 -2 6.5 0
1 5 -2 6.5 0
1 4 -2 6.5 0
1 4 -3 5.5 0
1 3 -3 5.5 0
1 2 -3 5.5 0
1 1 -3 5.5 0
1 0 -3 5.5 0
1 -1 -3 5.5 0
1 -2 -3 5.5 0
1 -3 -3 4.5 0
1 -4 -3 4.5 0
1 -5 -3 3.5 0
1 -5 -4 3.5 0
1 -4 -5 3.5 0
1 -3 -5 3.5 0
1 -2 -4 3.5 0
1 -1 -5 3.5 0
1 0 -5 3.5 0
1 1 -5 3.5 0
1 2 -5 4.5 0
1 3 -5 5.5 0
1 4 -5 5.5 0
1 5 -5 5.5 0
1 6 -5 5.5 0
1 6 -4 6.5 0
1 7 -4 6.5 0
1 8 -5 6.5 45
1 8 -6 5.5 45
1 9 -6 5.5 45
1 10 -6 5.5 45
1 11 -6 5.5 90
1 12 -6 4.5 90
1 13 -5 4.5 90
1 13 -5 5.5 90
1 13 -4 6.5 90
1 13 -3 7.5 90
1 12 -3 7.5 90
1 11 -3 7.5 90
1 10 -3 7.5 90
1 9 -2 7.5 45
1 9 -1 7.5 45
1 10 0 7.5 180
1 11 -1 7.5 135
1 12 -1 7.5 135
1 13 -1 6.5 135
1 14 -1 5.5 135
1 14 0 4.5 135
1 14 1 4.5 135
1 14 2 4.5 135
1 14 3 4.5 180
1 14 4 5.5 180
1 13 4 5.5 180
1 12 5 5.5 180
1 11 5 5.5 180
1 10 5 5.5 180
1 9 5 5.5 180
1 8 6 5.5 -135
1 9 7 5.5 -135
1 9 7 4.5 -135
1 8 8 4.5 -135
1 7 8 4.5 -135
1 6 8 4.5 -135
1 6 7 5.5 -135
1 5 7 5.5 -135
1 4 8 5.5 -90
1 4 8 4.5 -90
1 4 7 3.5 -135
1 4 6 4.5 0
1 4 5 5.5 0
1 3 4 5.5 0
1 2 3 5.5 0
1 1 3 5.5 0
1 0 3 5.5 0
1 -1 3 4.5 0
1 -2 3 4.5 0
1 -2 2 5.5 0
1 -3 2 5.5 0
1 -4 2 5.5 0
1 -5 2 4.5 0
1 8 -2 8.5 45
1 7 -3 8.5 90
1 8 -3 7.5 45
1 8 -3 8.5 45
1 9 -4 8.5 45
1 9 -3 7.5 45
1 3 -3 7.5 0
1 2 -2 7.5 0
1 2 -3 7.5 0
1 1 -2 7.5 0
1 1 -3 7.5 0
1 -2 -3 7.5 0
1 0 -2 7.5 0
1 0 -3 7.5 0
1 -1 -2 7.5 0
1 -1 -3 7.5 0
1 -2 -2 7.5 0
1 -3 -2 6.5 0
1 -4 -3 6.5 0
1 -3 -2 7.5 0
1 -4 -2 6.5 0
1 -5 -2 5.5 0
1 -5 -4 5.5 0
1 -6 -3 5.5 0
1 -5 -2 6.5 0
1 -6 -1 6.5 0
1 -6 -2 5.5 0
1 -7 -2 5.5 0
1 -7 -1 5.5 0
1 -8 -1 4.5 0
1 -7 -2 4.5 0
1 -8 -2 3.5 0
1 -8 -2 4.5 0
1 -7 -2 3.5 0
1 -6 -2 4.5 0
1 -7 -3 3.5 0
1 -7 -3 4.5 0
1 -7 -4 3.5 0
1 -6 -4 4.5 0
1 -6 -3 3.5 0
1 -6 -3 4.5 0
