3 -7 0.5 3 -45
3 -7 0.5 3 0
3 -7 2 3 -45
3 -5.5 2 4.5 -45
3 -5.5 2 4.5 0
3 -5.5 2 4.5 -45
3 -4 2 6 -45
3 -2.5 2 6 -45
3 -2.5 3.5 4.5 -45
3 -1 3.5 4.5 -45
3 0.5 3.5 4.5 -45
3 2 5 4.5 -45
3 2 5 4.5 0
3 2 5 4.5 -45
3 2 3.5 6 -45
3 3.5 2 6 -45
3 3.5 2 6 -90
3 3.5 2 6 -45
3 5 2 6 -45
3 6.5 3.5 6 -45
3 6.5 2 6 -90
3 6.5 2 6 -45
3 6.5 2 6 -90
3 6.5 3.5 6 -45
3 5 3.5 6 -45
3 3.5 3.5 6 -45
3 3.5 3.5 6 -90
3 3.5 3.5 6 -45
3 3.5 3.5 6 0
3 3.5 2 6 -90
3 3.5 2 6 0
3 2 3.5 6 -45
3 0.5 3.5 4.5 -90
3 0.5 3.5 4.5 -45
3 2 5 4.5 0
3 3.5 6.5 4.5 -45
3 3.5 5 6 -45
3 5 3.5 6 -45
3 6.5 2 6 -45
3 6.5 2 6 -90
3 6.5 2 6 -45
3 6.5 2 6 -90
3 6.5 2 6 -135
3 6.5 2 6 0
3 5 2 6 -45
3 5 2 6 -90
3 5 3.5 6 -45
3 6.5 5 6 -45
3 8 5 6 -45
3 8 5 6 -90
3 8 5 6 -45
3 8 6.5 6 -90
3 9.5 6.5 4.5 -135
3 9.5 6.5 4.5 -90
3 9.5 6.5 4.5 -135
3 9.5 6.5 4.5 -90
3 9.5 5 6 -90
3 9.5 5 6 -45
3 9.5 5 6 -90
3 11 5 6 -135
3 12.5 5 4.5 -135
3 14 3.5 4.5 -135
3 14 2 4.5 -135
3 14 0.5 4.5 -135
3 14 -1 4.5 -135
3 14 -1 4.5 180
3 14 -1 4.5 -135
3 14 0.5 4.5 -135
3 14 0.5 4.5 180
3 14 0.5 4.5 -135
3 14 -1 4.5 180
3 14 -1 4.5 135
3 14 -1 4.5 -135
3 14 0.5 4.5 -135
3 14 -1 4.5 135
3 14 -1 6 -135
3 14 -1 4.5 180
3 14 -1 6 -135
3 14 -2.5 4.5 135
3 14 -4 6 135
3 12.5 -5.5 6 135
3 11 -5.5 6 135
3 11 -7 4.5 135
3 9.5 -7 4.5 135
3 8 -8.5 4.5 90
3 6.5 -8.5 4.5 90
3 6.5 -7 6 90
3 5 -7 6 90
3 3.5 -7 4.5 45
3 2 -5.5 4.5 90
3 2 -5.5 3 90
3 0.5 -5.5 3 90
3 2 -5.5 3 90
3 2 -5.5 3 45
3 2 -5.5 1.5 45
3 0.5 -5.5 1.5 90
3 -1 -5.5 1.5 90
3 -1 -5.5 3 90
3 -1 -4 4.5 90
3 -2.5 -4 3 45
3 -2.5 -4 1.5 45
3 -1 -5.5 1.5 90
3 0.5 -5.5 1.5 45
3 2 -5.5 1.5 45
3 3.5 -7 1.5 90
3 3.5 -7 1.5 45
3 3.5 -7 1.5 90
3 3.5 -7 1.5 45
3 3.5 -7 1.5 90
3 3.5 -7 1.5 45
3 2 -7 3 45
3 2 -5.5 4.5 45
3 3.5 -5.5 6 45
3 5 -5.5 6 90
3 5 -4 6 45
3 5 -5.5 6 90
3 3.5 -5.5 6 45
3 3.5 -5.5 6 90
3 3.5 -5.5 6 45
3 3.5 -4 6 90
3 5 -2.5 6 90
3 6.5 -2.5 6 90
3 5 -2.5 6 90
3 5 -4 6 45
3 5 -2.5 6 90
3 5 -2.5 6 45
3 5 -2.5 6 90
3 5 -4 6 45
3 3.5 -4 6 90
3 2 -4 6 0
3 2 -5.5 4.5 45
3 2 -5.5 3 90
3 0.5 -5.5 1.5 90
3 -1 -5.5 1.5 90
3 -1 -5.5 3 90
3 -1 -4 4.5 90
3 0.5 -4 6 0
