1 -7.5 0 3.5 0
1 -5 2.5 3.5 -45
1 -5 2.5 3.5 0
1 -2.5 5 3.5 -90
1 0 5 3.5 -90
1 2.5 5 3.5 -45
1 2.5 5 3.5 -90
1 2.5 5 6 -90
1 5 2.5 6 -45
1 5 2.5 6 0
1 2.5 2.5 6 -45
1 0 2.5 6 -45
1 -2.5 2.5 6 -45
1 -5 2.5 6 -45
1 -5 0 6 0
1 -2.5 -2.5 6 0
1 -2.5 -5 3.5 45
1 0 -5 3.5 90
1 0 -5 3.5 45
1 2.5 -7.5 3.5 45
1 2.5 -5 6 90
1 5 -5 6 90
1 5 -5 6 45
1 7.5 -5 6 45
1 7.5 -5 6 90
1 7.5 -7.5 6 90
1 10 -7.5 3.5 90
1 10 -7.5 3.5 135
1 12.5 -7.5 3.5 135
1 12.5 -5 6 135
1 15 -5 3.5 135
1 15 -2.5 3.5 135
1 15 0 3.5 135
1 15 0 3.5 180
1 15 2.5 3.5 180
1 15 0 6 180
1 15 0 6 135
1 15 2.5 6 180
1 12.5 5 6 -135
1 10 5 6 -135
1 10 7.5 3.5 -135
1 12.5 7.5 3.5 -135
1 10 7.5 6 -135
1 7.5 5 6 -90
1 5 5 6 -90
1 5 7.5 6 -90
1 7.5 7.5 6 -90
