1 -7 0.5 3.5 0
1 -4 2 5 -45
1 0.5 3.5 5 -90
1 2 3.5 5 -45
1 2 3.5 5 -90
1 2 3.5 5 0
1 3.5 2 6.5 0
1 5 0.5 6.5 0
1 5 0.5 6.5 -45
1 5 0.5 6.5 -90
1 5 0.5 6.5 0
1 6.5 0.5 6.5 -45
1 6.5 0.5 6.5 45
1 6.5 0.5 6.5 -135
1 6.5 -1 6.5 -45
1 6.5 -1 6.5 -135
1 6.5 -2.5 6.5 -45
1 2 -4 5 90
1 0.5 -4 5 90
1 -1 -4 5 90
1 2 -5.5 5 45
1 3.5 -5.5 5 0
1 9.5 -5.5 5 90
1 9.5 -5.5 5 45
1 9.5 -5.5 5 135
1 14 0.5 5 180
1 14 0.5 5 135
1 14 0.5 5 180
1 14 0.5 5 -135
1 14 0.5 5 180
1 11 5 5 -135
1 9.5 5 5 -135
1 6.5 3.5 6.5 -90
1 6.5 3.5 6.5 0
1 6.5 3.5 6.5 -90
1 6.5 3.5 6.5 -45
1 6.5 3.5 6.5 -90
1 3.5 5 5 -45
1 2 5 3.5 -90
1 2 5 3.5 -45
