1 18.5 0.5 10.5
2 18.5 0.5 10.5
3 18.5 -1 10.5
4 18.5 -1 10.5
5 18.5 -2.5 10.5
6 18.5 0.5 9
7 18.5 0.5 9
8 18.5 -1 9
9 18.5 -1 9
10 18.5 -2.5 9
11 18.5 -4 9
12 18.5 -4 9
13 8 3.5 9
14 8 3.5 9
15 8 -5.5 9
16 8 -5.5 9
17 8 -5.5 9
18 8 -7 9
19 8 -7 9
20 8 -7 9
21 6.5 2 9
22 6.5 2 9
23 6.5 -4 9
24 6.5 -4 9
25 6.5 -5.5 9
26 6.5 -5.5 9
27 6.5 -7 9
28 6.5 -7 9
29 5 2 9
30 5 -4 9
31 5 -4 9
32 5 -5.5 9
33 5 -5.5 9
34 5 -7 9
35 27.5 -1 7.5
36 27.5 -1 7.5
37 27.5 -2.5 7.5
38 27.5 -2.5 7.5
39 27.5 -4 7.5
40 26 0.5 7.5
41 26 0.5 7.5
42 26 -4 7.5
43 26 -5.5 7.5
44 26 -5.5 7.5
45 26 -7 7.5
46 26 -8.5 7.5
47 24.5 2 7.5
48 24.5 -7 7.5
49 24.5 -8.5 7.5
50 24.5 -8.5 7.5
51 23 -8.5 7.5
52 21.5 2 7.5
53 21.5 -7 7.5
54 21.5 -8.5 7.5
55 21.5 -8.5 7.5
56 20 -5.5 7.5
57 20 -7 7.5
58 20 -8.5 7.5
59 20 -8.5 7.5
60 18.5 2 7.5
61 18.5 0.5 7.5
62 18.5 0.5 7.5
63 18.5 -2.5 7.5
64 18.5 -2.5 7.5
65 18.5 -2.5 7.5
66 18.5 -2.5 7.5
67 18.5 -4 7.5
68 18.5 -4 7.5
69 18.5 -4 7.5
70 18.5 -5.5 7.5
71 18.5 -5.5 7.5
72 18.5 -5.5 7.5
73 18.5 -5.5 7.5
74 17 0.5 7.5
75 17 0.5 7.5
76 17 -1 7.5
77 17 -1 7.5
78 17 -2.5 7.5
79 17 -2.5 7.5
80 17 -2.5 7.5
81 17 -4 7.5
82 17 -4 7.5
83 15.5 0.5 7.5
84 15.5 0.5 7.5
85 15.5 -1 7.5
86 15.5 -1 7.5
87 15.5 -1 7.5
88 15.5 -2.5 7.5
89 15.5 -2.5 7.5
90 14 5 7.5
91 14 3.5 7.5
92 14 3.5 7.5
93 14 2 7.5
94 14 2 7.5
95 14 2 7.5
96 14 0.5 7.5
97 14 0.5 7.5
98 14 0.5 7.5
99 14 -1 7.5
100 14 -1 7.5
101 14 -2.5 7.5
102 14 -2.5 7.5
103 14 -2.5 7.5
104 14 -4 7.5
105 14 -4 7.5
106 14 -4 7.5
107 14 -5.5 7.5
108 14 -5.5 7.5
109 14 -5.5 7.5
110 14 -7 7.5
111 14 -7 7.5
112 14 -8.5 7.5
113 14 -8.5 7.5
114 12.5 5 7.5
115 12.5 5 7.5
116 12.5 3.5 7.5
117 12.5 3.5 7.5
118 12.5 3.5 7.5
119 12.5 2 7.5
120 12.5 2 7.5
121 12.5 2 7.5
122 12.5 0.5 7.5
123 12.5 0.5 7.5
124 12.5 0.5 7.5
125 12.5 -1 7.5
126 12.5 -1 7.5
127 12.5 -1 7.5
128 12.5 -2.5 7.5
129 12.5 -2.5 7.5
130 12.5 -2.5 7.5
131 12.5 -4 7.5
132 12.5 -4 7.5
133 12.5 -4 7.5
134 12.5 -5.5 7.5
135 12.5 -5.5 7.5
136 12.5 -5.5 7.5
137 12.5 -7 7.5
138 12.5 -7 7.5
139 12.5 -7 7.5
140 12.5 -8.5 7.5
141 12.5 -8.5 7.5
142 11 5 7.5
143 11 5 7.5
144 11 3.5 7.5
145 11 3.5 7.5
146 11 3.5 7.5
147 11 2 7.5
148 11 2 7.5
149 11 2 7.5
150 11 0.5 7.5
151 11 0.5 7.5
152 11 0.5 7.5
153 11 0.5 7.5
154 11 -1 7.5
155 11 -1 7.5
156 11 -1 7.5
157 11 -1 7.5
158 11 -2.5 7.5
159 11 -2.5 7.5
160 11 -2.5 7.5
161 11 -2.5 7.5
162 11 -2.5 7.5
163 11 -2.5 7.5
164 11 -4 7.5
165 11 -4 7.5
166 11 -4 7.5
167 11 -4 7.5
168 11 -5.5 7.5
169 11 -5.5 7.5
170 11 -5.5 7.5
171 11 -5.5 7.5
172 11 -7 7.5
173 11 -7 7.5
174 11 -7 7.5
175 11 -8.5 7.5
176 11 -8.5 7.5
177 11 -8.5 7.5
178 9.5 6.5 7.5
179 9.5 5 7.5
180 9.5 5 7.5
181 9.5 5 7.5
182 9.5 3.5 7.5
183 9.5 3.5 7.5
184 9.5 3.5 7.5
185 9.5 2 7.5
186 9.5 2 7.5
187 9.5 2 7.5
188 9.5 0.5 7.5
189 9.5 0.5 7.5
190 9.5 0.5 7.5
191 9.5 0.5 7.5
192 9.5 -1 7.5
193 9.5 -1 7.5
194 9.5 -1 7.5
195 9.5 -1 7.5
196 9.5 -1 7.5
197 9.5 -2.5 7.5
198 9.5 -2.5 7.5
199 9.5 -2.5 7.5
200 9.5 -4 7.5
201 9.5 -4 7.5
202 9.5 -4 7.5
203 9.5 -4 7.5
204 9.5 -4 7.5
205 9.5 -5.5 7.5
206 9.5 -5.5 7.5
207 9.5 -5.5 7.5
208 9.5 -7 7.5
209 9.5 -7 7.5
210 9.5 -7 7.5
211 9.5 -8.5 7.5
212 9.5 -8.5 7.5
213 9.5 -8.5 7.5
214 8 5 7.5
215 8 5 7.5
216 8 3.5 7.5
217 8 3.5 7.5
218 8 3.5 7.5
219 8 2 7.5
220 8 2 7.5
221 8 2 7.5
222 8 2 7.5
223 8 0.5 7.5
224 8 0.5 7.5
225 8 0.5 7.5
226 8 0.5 7.5
227 8 -1 7.5
228 8 -1 7.5
229 8 -1 7.5
230 8 -2.5 7.5
231 8 -2.5 7.5
232 8 -2.5 7.5
233 8 -4 7.5
234 8 -4 7.5
235 8 -4 7.5
236 8 -4 7.5
237 8 -5.5 7.5
238 8 -5.5 7.5
239 8 -5.5 7.5
240 8 -5.5 7.5
241 8 -7 7.5
242 8 -7 7.5
243 8 -7 7.5
244 8 -8.5 7.5
245 8 -8.5 7.5
246 8 -8.5 7.5
247 6.5 3.5 7.5
248 6.5 3.5 7.5
249 6.5 3.5 7.5
250 6.5 2 7.5
251 6.5 2 7.5
252 6.5 2 7.5
253 6.5 0.5 7.5
254 6.5 0.5 7.5
255 6.5 0.5 7.5
256 6.5 0.5 7.5
257 6.5 -1 7.5
258 6.5 -1 7.5
259 6.5 -1 7.5
260 6.5 -2.5 7.5
261 6.5 -2.5 7.5
262 6.5 -4 7.5
263 6.5 -4 7.5
264 6.5 -5.5 7.5
265 6.5 -5.5 7.5
266 6.5 -5.5 7.5
267 6.5 -5.5 7.5
268 6.5 -7 7.5
269 6.5 -7 7.5
270 6.5 -8.5 7.5
271 6.5 -8.5 7.5
272 5 3.5 7.5
273 5 3.5 7.5
274 5 2 7.5
275 5 2 7.5
276 5 2 7.5
277 5 0.5 7.5
278 5 0.5 7.5
279 5 0.5 7.5
280 5 -1 7.5
281 5 -1 7.5
282 5 -1 7.5
283 5 -2.5 7.5
284 5 -2.5 7.5
285 5 -4 7.5
286 5 -4 7.5
287 5 -5.5 7.5
288 5 -5.5 7.5
289 5 -5.5 7.5
290 5 -7 7.5
291 5 -7 7.5
292 5 -8.5 7.5
293 3.5 3.5 7.5
294 3.5 3.5 7.5
295 3.5 2 7.5
296 3.5 2 7.5
297 3.5 2 7.5
298 3.5 0.5 7.5
299 3.5 0.5 7.5
300 3.5 0.5 7.5
301 3.5 -1 7.5
302 3.5 -1 7.5
303 3.5 -2.5 7.5
304 3.5 -2.5 7.5
305 3.5 -4 7.5
306 3.5 -4 7.5
307 3.5 -5.5 7.5
308 3.5 -5.5 7.5
309 3.5 -5.5 7.5
310 3.5 -7 7.5
311 3.5 -7 7.5
312 3.5 -8.5 7.5
313 3.5 -8.5 7.5
314 2 2 7.5
315 2 0.5 7.5
316 2 0.5 7.5
317 2 -1 7.5
318 2 -1 7.5
319 2 -2.5 7.5
320 2 -2.5 7.5
321 2 -5.5 7.5
322 2 -5.5 7.5
323 2 -7 7.5
324 27.5 0.5 6
325 27.5 -1 6
326 27.5 -1 6
327 27.5 -2.5 6
328 27.5 -2.5 6
329 27.5 -4 6
330 27.5 -4 6
331 27.5 -5.5 6
332 27.5 -5.5 6
333 27.5 -7 6
334 26 2 6
335 26 2 6
336 26 0.5 6
337 26 0.5 6
338 26 -4 6
339 26 -4 6
340 26 -5.5 6
341 26 -5.5 6
342 26 -7 6
343 26 -7 6
344 26 -8.5 6
345 26 -8.5 6
346 21.5 -10 6
347 20 2 6
348 20 2 6
349 20 -5.5 6
350 20 -5.5 6
351 20 -7 6
352 20 -7 6
353 20 -8.5 6
354 20 -8.5 6
355 18.5 2 6
356 18.5 -4 6
357 18.5 -4 6
358 18.5 -4 6
359 18.5 -4 6
360 18.5 -5.5 6
361 18.5 -5.5 6
362 18.5 -5.5 6
363 18.5 -5.5 6
364 18.5 -7 6
365 17 2 6
366 17 2 6
367 17 0.5 6
368 17 0.5 6
369 17 -4 6
370 17 -4 6
371 17 -4 6
372 17 -4 6
373 17 -5.5 6
374 17 -5.5 6
375 17 -5.5 6
376 17 -5.5 6
377 15.5 3.5 6
378 15.5 3.5 6
379 15.5 3.5 6
380 15.5 2 6
381 15.5 2 6
382 15.5 2 6
383 15.5 0.5 6
384 15.5 0.5 6
385 15.5 -2.5 6
386 15.5 -2.5 6
387 15.5 -4 6
388 15.5 -4 6
389 15.5 -4 6
390 15.5 -5.5 6
391 15.5 -5.5 6
392 15.5 -5.5 6
393 15.5 -7 6
394 15.5 -7 6
395 15.5 -8.5 6
396 15.5 -8.5 6
397 14 5 6
398 14 5 6
399 14 3.5 6
400 14 3.5 6
401 14 2 6
402 14 2 6
403 14 2 6
404 14 0.5 6
405 14 0.5 6
406 14 0.5 6
407 14 -1 6
408 14 -1 6
409 14 -1 6
410 14 -2.5 6
411 14 -2.5 6
412 14 -2.5 6
413 14 -4 6
414 14 -4 6
415 14 -4 6
416 14 -5.5 6
417 14 -5.5 6
418 14 -5.5 6
419 14 -7 6
420 14 -7 6
421 14 -8.5 6
422 14 -8.5 6
423 12.5 6.5 6
424 12.5 5 6
425 12.5 5 6
426 12.5 3.5 6
427 12.5 3.5 6
428 12.5 3.5 6
429 12.5 2 6
430 12.5 2 6
431 12.5 2 6
432 12.5 2 6
433 12.5 0.5 6
434 12.5 0.5 6
435 12.5 0.5 6
436 12.5 -4 6
437 12.5 -4 6
438 12.5 -4 6
439 12.5 -4 6
440 12.5 -5.5 6
441 12.5 -5.5 6
442 12.5 -5.5 6
443 12.5 -5.5 6
444 12.5 -7 6
445 12.5 -7 6
446 12.5 -7 6
447 12.5 -8.5 6
448 12.5 -8.5 6
449 9.5 6.5 6
450 8 5 6
451 8 5 6
452 8 5 6
453 8 0.5 6
454 8 0.5 6
455 8 0.5 6
456 8 0.5 6
457 8 -4 6
458 8 -4 6
459 8 -4 6
460 8 -4 6
461 8 -4 6
462 8 -8.5 6
463 8 -8.5 6
464 8 -8.5 6
465 6.5 0.5 6
466 6.5 0.5 6
467 6.5 0.5 6
468 6.5 0.5 6
469 6.5 -2.5 6
470 6.5 -2.5 6
471 6.5 -2.5 6
472 6.5 -2.5 6
473 5 0.5 6
474 5 0.5 6
475 5 0.5 6
476 5 -2.5 6
477 5 -2.5 6
478 5 -2.5 6
479 3.5 5 6
480 3.5 5 6
481 3.5 0.5 6
482 3.5 0.5 6
483 3.5 0.5 6
484 3.5 -2.5 6
485 3.5 -2.5 6
486 3.5 -2.5 6
487 3.5 -4 6
488 3.5 -4 6
489 3.5 -4 6
490 3.5 -8.5 6
491 3.5 -8.5 6
492 2 3.5 6
493 2 2 6
494 2 2 6
495 2 0.5 6
496 2 0.5 6
497 2 -1 6
498 2 -1 6
499 2 -2.5 6
500 2 -2.5 6
501 2 -2.5 6
502 2 -4 6
503 2 -4 6
504 2 -5.5 6
505 2 -5.5 6
506 2 -7 6
507 2 -7 6
508 0.5 2 6
509 0.5 2 6
510 0.5 0.5 6
511 0.5 0.5 6
512 0.5 -1 6
513 0.5 -1 6
514 0.5 -2.5 6
515 0.5 -2.5 6
516 0.5 -2.5 6
517 0.5 -4 6
518 0.5 -4 6
519 27.5 0.5 4.5
520 27.5 0.5 4.5
521 27.5 -1 4.5
522 27.5 -1 4.5
523 27.5 -2.5 4.5
524 27.5 -2.5 4.5
525 27.5 -4 4.5
526 27.5 -4 4.5
527 27.5 -5.5 4.5
528 27.5 -5.5 4.5
529 27.5 -7 4.5
530 27.5 -8.5 4.5
531 26 -10 4.5
532 24.5 -10 4.5
533 21.5 -10 4.5
534 20 -10 4.5
535 18.5 3.5 4.5
536 18.5 3.5 4.5
537 18.5 2 4.5
538 18.5 2 4.5
539 18.5 2 4.5
540 18.5 -5.5 4.5
541 18.5 -5.5 4.5
542 18.5 -5.5 4.5
543 18.5 -5.5 4.5
544 18.5 -7 4.5
545 18.5 -7 4.5
546 18.5 -7 4.5
547 18.5 -8.5 4.5
548 18.5 -8.5 4.5
549 17 3.5 4.5
550 17 3.5 4.5
551 17 3.5 4.5
552 17 -5.5 4.5
553 17 -5.5 4.5
554 17 -5.5 4.5
555 17 -5.5 4.5
556 17 -7 4.5
557 17 -7 4.5
558 17 -7 4.5
559 15.5 5 4.5
560 15.5 3.5 4.5
561 15.5 3.5 4.5
562 15.5 3.5 4.5
563 15.5 3.5 4.5
564 15.5 -5.5 4.5
565 15.5 -5.5 4.5
566 15.5 -5.5 4.5
567 15.5 -7 4.5
568 15.5 -7 4.5
569 15.5 -7 4.5
570 15.5 -8.5 4.5
571 15.5 -8.5 4.5
572 3.5 -10 4.5
573 3.5 -10 4.5
574 2 3.5 4.5
575 2 3.5 4.5
576 2 2 4.5
577 2 2 4.5
578 2 -5.5 4.5
579 2 -5.5 4.5
580 2 -5.5 4.5
581 2 -7 4.5
582 2 -8.5 4.5
583 0.5 3.5 4.5
584 0.5 3.5 4.5
585 0.5 2 4.5
586 0.5 2 4.5
587 0.5 -4 4.5
588 0.5 -4 4.5
589 0.5 -5.5 4.5
590 0.5 -5.5 4.5
591 0.5 -5.5 4.5
592 -1 2 4.5
593 -1 2 4.5
594 -1 0.5 4.5
595 -1 0.5 4.5
596 -1 -1 4.5
597 -1 -2.5 4.5
598 -1 -2.5 4.5
599 -1 -4 4.5
600 -1 -4 4.5
601 -2.5 0.5 4.5
602 -2.5 -2.5 4.5
603 27.5 0.5 3
604 27.5 0.5 3
605 27.5 -1 3
606 27.5 -1 3
607 27.5 -2.5 3
608 27.5 -2.5 3
609 27.5 -4 3
610 27.5 -4 3
611 27.5 -4 3
612 27.5 -5.5 3
613 27.5 -5.5 3
614 27.5 -5.5 3
615 27.5 -7 3
616 27.5 -7 3
617 27.5 -8.5 3
618 27.5 -8.5 3
619 27.5 -10 3
620 26 -10 3
621 26 -10 3
622 24.5 -10 3
623 24.5 -10 3
624 24.5 -11.5 3
625 24.5 -11.5 3
626 23 -11.5 3
627 23 -11.5 3
628 21.5 -10 3
629 21.5 -10 3
630 21.5 -10 3
631 21.5 -11.5 3
632 21.5 -11.5 3
633 20 -10 3
634 20 -10 3
635 18.5 5 3
636 18.5 3.5 3
637 18.5 3.5 3
638 18.5 3.5 3
639 18.5 -7 3
640 18.5 -7 3
641 18.5 -7 3
642 18.5 -7 3
643 18.5 -8.5 3
644 18.5 -8.5 3
645 18.5 -8.5 3
646 18.5 -8.5 3
647 18.5 -10 3
648 18.5 -10 3
649 17 5 3
650 17 5 3
651 17 3.5 3
652 17 3.5 3
653 17 3.5 3
654 17 3.5 3
655 17 -7 3
656 17 -7 3
657 17 -7 3
658 17 -7 3
659 17 -8.5 3
660 17 -8.5 3
661 17 -8.5 3
662 17 -8.5 3
663 17 -10 3
664 2 5 3
665 2 5 3
666 2 5 3
667 2 3.5 3
668 2 3.5 3
669 2 3.5 3
670 2 -7 3
671 2 -7 3
672 2 -7 3
673 2 -8.5 3
674 0.5 3.5 3
675 0.5 3.5 3
676 0.5 -5.5 3
677 0.5 -5.5 3
678 0.5 -5.5 3
679 0.5 -7 3
680 0.5 -7 3
681 0.5 -7 3
682 -1 3.5 3
683 -1 3.5 3
684 -1 2 3
685 -1 2 3
686 -1 2 3
687 -1 -5.5 3
688 -1 -5.5 3
689 -1 -5.5 3
690 -2.5 2 3
691 -2.5 2 3
692 -2.5 0.5 3
693 -2.5 0.5 3
694 -2.5 -4 3
695 -2.5 -4 3
696 -2.5 -5.5 3
697 -2.5 -5.5 3
698 -2.5 -5.5 3
699 -4 0.5 3
700 -4 0.5 3
701 -4 -1 3
702 -4 -1 3
703 -4 -2.5 3
704 -4 -2.5 3
705 -4 -4 3
706 -4 -4 3
707 27.5 2 1.5
708 27.5 0.5 1.5
709 27.5 0.5 1.5
710 27.5 -1 1.5
711 27.5 -1 1.5
712 27.5 -2.5 1.5
713 27.5 -2.5 1.5
714 27.5 -4 1.5
715 27.5 -4 1.5
716 27.5 -4 1.5
717 27.5 -5.5 1.5
718 27.5 -5.5 1.5
719 27.5 -5.5 1.5
720 27.5 -7 1.5
721 27.5 -7 1.5
722 27.5 -8.5 1.5
723 27.5 -8.5 1.5
724 26 3.5 1.5
725 26 3.5 1.5
726 26 -5.5 1.5
727 26 -5.5 1.5
728 26 -5.5 1.5
729 26 -5.5 1.5
730 26 -7 1.5
731 26 -7 1.5
732 26 -7 1.5
733 26 -7 1.5
734 26 -8.5 1.5
735 26 -8.5 1.5
736 26 -8.5 1.5
737 26 -10 1.5
738 26 -10 1.5
739 26 -10 1.5
740 24.5 -10 1.5
741 24.5 -10 1.5
742 24.5 -11.5 1.5
743 24.5 -11.5 1.5
744 23 -10 1.5
745 23 -10 1.5
746 23 -11.5 1.5
747 23 -11.5 1.5
748 21.5 -10 1.5
749 21.5 -10 1.5
750 21.5 -10 1.5
751 21.5 -11.5 1.5
752 21.5 -11.5 1.5
753 20 5 1.5
754 20 -8.5 1.5
755 20 -8.5 1.5
756 20 -8.5 1.5
757 20 -8.5 1.5
758 20 -10 1.5
759 20 -10 1.5
760 20 -10 1.5
761 18.5 5 1.5
762 18.5 5 1.5
763 18.5 3.5 1.5
764 18.5 3.5 1.5
765 18.5 3.5 1.5
766 18.5 -7 1.5
767 18.5 -7 1.5
768 18.5 -7 1.5
769 18.5 -7 1.5
770 18.5 -7 1.5
771 18.5 -8.5 1.5
772 18.5 -8.5 1.5
773 18.5 -8.5 1.5
774 18.5 -8.5 1.5
775 17 5 1.5
776 17 5 1.5
777 17 5 1.5
778 17 -8.5 1.5
779 17 -8.5 1.5
780 17 -8.5 1.5
781 17 -8.5 1.5
782 17 -10 1.5
783 17 -10 1.5
784 2 5 1.5
785 2 5 1.5
786 2 5 1.5
787 2 3.5 1.5
788 2 3.5 1.5
789 2 3.5 1.5
790 2 -7 1.5
791 2 -7 1.5
792 2 -7 1.5
793 2 -8.5 1.5
794 0.5 3.5 1.5
795 0.5 3.5 1.5
796 0.5 3.5 1.5
797 0.5 -7 1.5
798 0.5 -7 1.5
799 -1 3.5 1.5
800 -1 3.5 1.5
801 -1 -5.5 1.5
802 -1 -5.5 1.5
803 -1 -5.5 1.5
804 -1 -7 1.5
805 -1 -7 1.5
806 -2.5 3.5 1.5
807 -2.5 3.5 1.5
808 -2.5 3.5 1.5
809 -2.5 2 1.5
810 -2.5 2 1.5
811 -2.5 2 1.5
812 -2.5 -4 1.5
813 -2.5 -4 1.5
814 -2.5 -4 1.5
815 -2.5 -5.5 1.5
816 -2.5 -5.5 1.5
817 -2.5 -5.5 1.5
818 -4 2 1.5
819 -4 2 1.5
820 -4 0.5 1.5
821 -4 0.5 1.5
822 -4 -1 1.5
823 -4 -1 1.5
824 -4 -1 1.5
825 -4 -2.5 1.5
826 -4 -2.5 1.5
827 -4 -4 1.5
828 -4 -4 1.5
829 -5.5 -1 1.5
830 27.5 0.5 0
831 27.5 0.5 0
832 27.5 -1 0
833 27.5 -1 0
834 27.5 -2.5 0
835 27.5 -2.5 0
836 27.5 -4 0
837 27.5 -4 0
838 27.5 -4 0
839 26 3.5 0
840 26 3.5 0
841 26 2 0
842 26 2 0
843 26 2 0
844 26 0.5 0
845 26 0.5 0
846 26 0.5 0
847 26 -2.5 0
848 26 -2.5 0
849 26 -2.5 0
850 26 -2.5 0
851 26 -4 0
852 26 -4 0
853 26 -4 0
854 26 -5.5 0
855 26 -5.5 0
856 26 -5.5 0
857 26 -7 0
858 26 -7 0
859 26 -7 0
860 26 -7 0
861 26 -8.5 0
862 26 -8.5 0
863 26 -8.5 0
864 24.5 3.5 0
865 24.5 3.5 0
866 24.5 2 0
867 24.5 2 0
868 24.5 2 0
869 24.5 -4 0
870 24.5 -4 0
871 24.5 -4 0
872 24.5 -4 0
873 24.5 -4 0
874 24.5 -5.5 0
875 24.5 -5.5 0
876 24.5 -5.5 0
877 24.5 -5.5 0
878 24.5 -5.5 0
879 24.5 -7 0
880 24.5 -7 0
881 24.5 -7 0
882 24.5 -7 0
883 24.5 -8.5 0
884 24.5 -8.5 0
885 24.5 -8.5 0
886 24.5 -10 0
887 24.5 -10 0
888 23 5 0
889 23 3.5 0
890 23 3.5 0
891 23 2 0
892 23 2 0
893 23 2 0
894 23 -5.5 0
895 23 -5.5 0
896 23 -5.5 0
897 23 -5.5 0
898 23 -5.5 0
899 23 -5.5 0
900 23 -5.5 0
901 23 -7 0
902 23 -7 0
903 23 -7 0
904 23 -7 0
905 23 -8.5 0
906 23 -8.5 0
907 23 -8.5 0
908 23 -10 0
909 23 -10 0
910 21.5 5 0
911 21.5 5 0
912 21.5 3.5 0
913 21.5 3.5 0
914 21.5 3.5 0
915 21.5 -5.5 0
916 21.5 -5.5 0
917 21.5 -5.5 0
918 21.5 -5.5 0
919 21.5 -5.5 0
920 21.5 -5.5 0
921 21.5 -5.5 0
922 21.5 -7 0
923 21.5 -7 0
924 21.5 -7 0
925 21.5 -7 0
926 21.5 -7 0
927 21.5 -8.5 0
928 21.5 -8.5 0
929 21.5 -8.5 0
930 21.5 -8.5 0
931 21.5 -10 0
932 21.5 -10 0
933 21.5 -10 0
934 20 5 0
935 20 5 0
936 20 3.5 0
937 20 3.5 0
938 20 3.5 0
939 20 -5.5 0
940 20 -5.5 0
941 20 -5.5 0
942 20 -5.5 0
943 20 -5.5 0
944 20 -5.5 0
945 20 -7 0
946 20 -7 0
947 20 -7 0
948 20 -7 0
949 20 -7 0
950 20 -8.5 0
951 20 -8.5 0
952 20 -8.5 0
953 20 -8.5 0
954 18.5 5 0
955 18.5 5 0
956 18.5 5 0
957 18.5 3.5 0
958 18.5 3.5 0
959 18.5 3.5 0
960 18.5 -7 0
961 18.5 -7 0
962 18.5 -7 0
963 18.5 -7 0
964 17 5 0
965 17 5 0
966 17 5 0
967 17 3.5 0
968 17 3.5 0
969 17 3.5 0
970 17 -7 0
971 17 -7 0
972 17 -7 0
973 17 -7 0
974 17 -8.5 0
975 17 -8.5 0
976 17 -8.5 0
977 17 -8.5 0
978 17 -10 0
979 17 -10 0
980 17 -10 0
981 8 -10 0
982 3.5 6.5 0
983 3.5 -8.5 0
984 3.5 -8.5 0
985 3.5 -8.5 0
986 2 6.5 0
987 2 5 0
988 2 5 0
989 2 5 0
990 2 3.5 0
991 2 3.5 0
992 2 3.5 0
993 2 -7 0
994 2 -7 0
995 2 -7 0
996 2 -8.5 0
997 2 -8.5 0
998 0.5 3.5 0
999 0.5 3.5 0
1000 0.5 -5.5 0
1001 0.5 -5.5 0
1002 0.5 -5.5 0
1003 0.5 -7 0
1004 0.5 -7 0
1005 -1 3.5 0
1006 -1 3.5 0
1007 -1 2 0
1008 -1 2 0
1009 -1 2 0
1010 -1 -5.5 0
1011 -1 -5.5 0
1012 -1 -5.5 0
1013 -1 -7 0
1014 -1 -7 0
1015 -2.5 2 0
1016 -2.5 2 0
1017 -2.5 2 0
1018 -2.5 -4 0
1019 -2.5 -4 0
1020 -2.5 -5.5 0
1021 -2.5 -5.5 0
1022 -2.5 -5.5 0
1023 -4 2 0
1024 -4 2 0
1025 -4 0.5 0
1026 -4 0.5 0
1027 -4 -1 0
1028 -4 -1 0
1029 -4 -1 0
1030 -4 -2.5 0
1031 -4 -2.5 0
1032 -4 -4 0
1033 -4 -4 0
1034 26 0.5 -1.5
1035 26 0.5 -1.5
1036 26 0.5 -1.5
1037 26 -1 -1.5
1038 26 -1 -1.5
1039 26 -1 -1.5
1040 26 -2.5 -1.5
1041 26 -2.5 -1.5
1042 26 -2.5 -1.5
1043 26 -4 -1.5
1044 26 -4 -1.5
1045 26 -4 -1.5
1046 24.5 3.5 -1.5
1047 24.5 3.5 -1.5
1048 24.5 2 -1.5
1049 24.5 2 -1.5
1050 24.5 2 -1.5
1051 24.5 0.5 -1.5
1052 24.5 0.5 -1.5
1053 24.5 0.5 -1.5
1054 24.5 -1 -1.5
1055 24.5 -1 -1.5
1056 24.5 -1 -1.5
1057 24.5 -2.5 -1.5
1058 24.5 -2.5 -1.5
1059 24.5 -2.5 -1.5
1060 24.5 -2.5 -1.5
1061 24.5 -4 -1.5
1062 24.5 -4 -1.5
1063 24.5 -4 -1.5
1064 24.5 -4 -1.5
1065 24.5 -4 -1.5
1066 24.5 -5.5 -1.5
1067 24.5 -5.5 -1.5
1068 24.5 -5.5 -1.5
1069 24.5 -5.5 -1.5
1070 23 3.5 -1.5
1071 23 3.5 -1.5
1072 23 2 -1.5
1073 23 2 -1.5
1074 23 2 -1.5
1075 23 0.5 -1.5
1076 23 0.5 -1.5
1077 23 0.5 -1.5
1078 23 -1 -1.5
1079 23 -1 -1.5
1080 23 -1 -1.5
1081 23 -1 -1.5
1082 23 -2.5 -1.5
1083 23 -2.5 -1.5
1084 23 -2.5 -1.5
1085 23 -2.5 -1.5
1086 23 -2.5 -1.5
1087 23 -2.5 -1.5
1088 23 -2.5 -1.5
1089 23 -2.5 -1.5
1090 23 -4 -1.5
1091 23 -4 -1.5
1092 23 -4 -1.5
1093 23 -4 -1.5
1094 23 -4 -1.5
1095 23 -4 -1.5
1096 23 -4 -1.5
1097 23 -5.5 -1.5
1098 23 -5.5 -1.5
1099 23 -5.5 -1.5
1100 23 -5.5 -1.5
1101 23 -5.5 -1.5
1102 23 -5.5 -1.5
1103 23 -7 -1.5
1104 23 -7 -1.5
1105 23 -7 -1.5
1106 23 -7 -1.5
1107 23 -7 -1.5
1108 23 -7 -1.5
1109 21.5 3.5 -1.5
1110 21.5 3.5 -1.5
1111 21.5 3.5 -1.5
1112 21.5 2 -1.5
1113 21.5 2 -1.5
1114 21.5 2 -1.5
1115 21.5 2 -1.5
1116 21.5 0.5 -1.5
1117 21.5 0.5 -1.5
1118 21.5 0.5 -1.5
1119 21.5 0.5 -1.5
1120 21.5 -1 -1.5
1121 21.5 -1 -1.5
1122 21.5 -1 -1.5
1123 21.5 -1 -1.5
1124 21.5 -1 -1.5
1125 21.5 -2.5 -1.5
1126 21.5 -2.5 -1.5
1127 21.5 -2.5 -1.5
1128 21.5 -2.5 -1.5
1129 21.5 -2.5 -1.5
1130 21.5 -2.5 -1.5
1131 21.5 -2.5 -1.5
1132 21.5 -2.5 -1.5
1133 21.5 -4 -1.5
1134 21.5 -4 -1.5
1135 21.5 -4 -1.5
1136 21.5 -4 -1.5
1137 21.5 -4 -1.5
1138 21.5 -4 -1.5
1139 21.5 -4 -1.5
1140 21.5 -4 -1.5
1141 21.5 -5.5 -1.5
1142 21.5 -5.5 -1.5
1143 21.5 -5.5 -1.5
1144 21.5 -5.5 -1.5
1145 21.5 -5.5 -1.5
1146 21.5 -5.5 -1.5
1147 21.5 -5.5 -1.5
1148 21.5 -7 -1.5
1149 21.5 -7 -1.5
1150 21.5 -7 -1.5
1151 21.5 -7 -1.5
1152 21.5 -7 -1.5
1153 20 3.5 -1.5
1154 20 3.5 -1.5
1155 20 3.5 -1.5
1156 20 2 -1.5
1157 20 2 -1.5
1158 20 2 -1.5
1159 20 2 -1.5
1160 20 -4 -1.5
1161 20 -4 -1.5
1162 20 -4 -1.5
1163 20 -4 -1.5
1164 20 -4 -1.5
1165 20 -4 -1.5
1166 20 -4 -1.5
1167 20 -5.5 -1.5
1168 20 -5.5 -1.5
1169 20 -5.5 -1.5
1170 20 -5.5 -1.5
1171 20 -5.5 -1.5
1172 20 -5.5 -1.5
1173 18.5 3.5 -1.5
1174 18.5 3.5 -1.5
1175 18.5 3.5 -1.5
1176 18.5 2 -1.5
1177 18.5 2 -1.5
1178 18.5 2 -1.5
1179 18.5 2 -1.5
1180 18.5 -5.5 -1.5
1181 18.5 -5.5 -1.5
1182 18.5 -5.5 -1.5
1183 18.5 -5.5 -1.5
1184 18.5 -5.5 -1.5
1185 18.5 -5.5 -1.5
1186 18.5 -7 -1.5
1187 18.5 -7 -1.5
1188 18.5 -7 -1.5
1189 18.5 -7 -1.5
1190 17 5 -1.5
1191 17 5 -1.5
1192 17 5 -1.5
1193 17 3.5 -1.5
1194 17 3.5 -1.5
1195 17 3.5 -1.5
1196 17 2 -1.5
1197 17 2 -1.5
1198 17 2 -1.5
1199 17 2 -1.5
1200 17 -5.5 -1.5
1201 17 -5.5 -1.5
1202 17 -5.5 -1.5
1203 17 -5.5 -1.5
1204 17 -5.5 -1.5
1205 17 -5.5 -1.5
1206 17 -7 -1.5
1207 17 -7 -1.5
1208 17 -7 -1.5
1209 17 -7 -1.5
1210 17 -8.5 -1.5
1211 17 -8.5 -1.5
1212 17 -8.5 -1.5
1213 17 -8.5 -1.5
1214 15.5 6.5 -1.5
1215 15.5 5 -1.5
1216 15.5 5 -1.5
1217 15.5 5 -1.5
1218 15.5 3.5 -1.5
1219 15.5 3.5 -1.5
1220 15.5 3.5 -1.5
1221 15.5 3.5 -1.5
1222 15.5 2 -1.5
1223 15.5 2 -1.5
1224 15.5 2 -1.5
1225 15.5 2 -1.5
1226 15.5 -5.5 -1.5
1227 15.5 -5.5 -1.5
1228 15.5 -5.5 -1.5
1229 15.5 -5.5 -1.5
1230 15.5 -5.5 -1.5
1231 15.5 -5.5 -1.5
1232 15.5 -7 -1.5
1233 15.5 -7 -1.5
1234 15.5 -7 -1.5
1235 15.5 -7 -1.5
1236 15.5 -8.5 -1.5
1237 15.5 -8.5 -1.5
1238 15.5 -8.5 -1.5
1239 15.5 -8.5 -1.5
1240 15.5 -10 -1.5
1241 15.5 -10 -1.5
1242 15.5 -10 -1.5
1243 14 6.5 -1.5
1244 14 5 -1.5
1245 14 5 -1.5
1246 14 5 -1.5
1247 14 -8.5 -1.5
1248 14 -8.5 -1.5
1249 14 -8.5 -1.5
1250 14 -10 -1.5
1251 12.5 6.5 -1.5
1252 12.5 6.5 -1.5
1253 12.5 -10 -1.5
1254 11 6.5 -1.5
1255 11 6.5 -1.5
1256 11 -10 -1.5
1257 9.5 6.5 -1.5
1258 9.5 6.5 -1.5
1259 9.5 -10 -1.5
1260 8 6.5 -1.5
1261 8 6.5 -1.5
1262 8 -10 -1.5
1263 6.5 6.5 -1.5
1264 6.5 6.5 -1.5
1265 6.5 -10 -1.5
1266 5 6.5 -1.5
1267 5 6.5 -1.5
1268 5 6.5 -1.5
1269 3.5 6.5 -1.5
1270 3.5 6.5 -1.5
1271 3.5 6.5 -1.5
1272 3.5 5 -1.5
1273 3.5 5 -1.5
1274 3.5 5 -1.5
1275 3.5 -8.5 -1.5
1276 3.5 -8.5 -1.5
1277 3.5 -8.5 -1.5
1278 2 5 -1.5
1279 2 5 -1.5
1280 2 5 -1.5
1281 2 3.5 -1.5
1282 2 3.5 -1.5
1283 2 3.5 -1.5
1284 2 2 -1.5
1285 2 2 -1.5
1286 2 2 -1.5
1287 2 2 -1.5
1288 2 -5.5 -1.5
1289 2 -5.5 -1.5
1290 2 -5.5 -1.5
1291 2 -5.5 -1.5
1292 2 -7 -1.5
1293 2 -7 -1.5
1294 2 -7 -1.5
1295 2 -8.5 -1.5
1296 2 -8.5 -1.5
1297 0.5 3.5 -1.5
1298 0.5 3.5 -1.5
1299 0.5 2 -1.5
1300 0.5 2 -1.5
1301 0.5 2 -1.5
1302 0.5 2 -1.5
1303 0.5 -5.5 -1.5
1304 0.5 -5.5 -1.5
1305 0.5 -5.5 -1.5
1306 -1 2 -1.5
1307 -1 2 -1.5
1308 -1 2 -1.5
1309 -1 -4 -1.5
1310 -1 -4 -1.5
1311 -1 -4 -1.5
1312 -1 -5.5 -1.5
1313 -1 -5.5 -1.5
1314 -1 -5.5 -1.5
1315 -2.5 2 -1.5
1316 -2.5 2 -1.5
1317 -2.5 0.5 -1.5
1318 -2.5 0.5 -1.5
1319 -2.5 -1 -1.5
1320 -2.5 -1 -1.5
1321 -2.5 -1 -1.5
1322 -2.5 -2.5 -1.5
1323 -2.5 -2.5 -1.5
1324 -2.5 -4 -1.5
1325 -2.5 -4 -1.5
1326 -2.5 -5.5 -1.5
1327 -2.5 -5.5 -1.5
1328 -2.5 -5.5 -1.5
1329 -4 0.5 -1.5
1330 -4 0.5 -1.5
1331 -4 -1 -1.5
1332 -4 -2.5 -1.5
1333 -4 -2.5 -1.5
1334 -4 -4 -1.5
1335 -4 -4 -1.5
1336 24.5 -1 -3
1337 24.5 -1 -3
1338 24.5 -1 -3
1339 23 -1 -3
1340 23 -1 -3
1341 23 -1 -3
1342 23 -1 -3
1343 23 -2.5 -3
1344 23 -2.5 -3
1345 23 -2.5 -3
1346 23 -2.5 -3
1347 21.5 0.5 -3
1348 21.5 0.5 -3
1349 21.5 0.5 -3
1350 21.5 0.5 -3
1351 21.5 -1 -3
1352 21.5 -1 -3
1353 21.5 -1 -3
1354 21.5 -1 -3
1355 21.5 -2.5 -3
1356 21.5 -2.5 -3
1357 21.5 -2.5 -3
1358 21.5 -2.5 -3
1359 21.5 -2.5 -3
1360 21.5 -4 -3
1361 21.5 -4 -3
1362 21.5 -4 -3
1363 21.5 -4 -3
1364 21.5 -4 -3
1365 20 2 -3
1366 20 2 -3
1367 20 2 -3
1368 20 2 -3
1369 20 0.5 -3
1370 20 0.5 -3
1371 20 0.5 -3
1372 20 0.5 -3
1373 20 -1 -3
1374 20 -1 -3
1375 20 -1 -3
1376 20 -2.5 -3
1377 20 -2.5 -3
1378 20 -2.5 -3
1379 20 -2.5 -3
1380 20 -4 -3
1381 20 -4 -3
1382 20 -4 -3
1383 20 -4 -3
1384 18.5 2 -3
1385 18.5 2 -3
1386 18.5 2 -3
1387 18.5 2 -3
1388 18.5 0.5 -3
1389 18.5 0.5 -3
1390 18.5 0.5 -3
1391 18.5 0.5 -3
1392 18.5 -1 -3
1393 18.5 -1 -3
1394 18.5 -1 -3
1395 18.5 -1 -3
1396 18.5 -2.5 -3
1397 18.5 -2.5 -3
1398 18.5 -2.5 -3
1399 18.5 -2.5 -3
1400 18.5 -2.5 -3
1401 18.5 -4 -3
1402 18.5 -4 -3
1403 18.5 -4 -3
1404 18.5 -4 -3
1405 18.5 -4 -3
1406 18.5 -5.5 -3
1407 18.5 -5.5 -3
1408 18.5 -5.5 -3
1409 18.5 -5.5 -3
1410 18.5 -5.5 -3
1411 17 2 -3
1412 17 2 -3
1413 17 2 -3
1414 17 2 -3
1415 17 0.5 -3
1416 17 0.5 -3
1417 17 0.5 -3
1418 17 0.5 -3
1419 17 0.5 -3
1420 17 -1 -3
1421 17 -1 -3
1422 17 -1 -3
1423 17 -1 -3
1424 17 -1 -3
1425 17 -1 -3
1426 17 -2.5 -3
1427 17 -2.5 -3
1428 17 -2.5 -3
1429 17 -2.5 -3
1430 17 -2.5 -3
1431 17 -2.5 -3
1432 17 -4 -3
1433 17 -4 -3
1434 17 -4 -3
1435 17 -4 -3
1436 17 -4 -3
1437 17 -5.5 -3
1438 17 -5.5 -3
1439 17 -5.5 -3
1440 17 -5.5 -3
1441 17 -5.5 -3
1442 15.5 5 -3
1443 15.5 5 -3
1444 15.5 5 -3
1445 15.5 3.5 -3
1446 15.5 3.5 -3
1447 15.5 3.5 -3
1448 15.5 3.5 -3
1449 15.5 2 -3
1450 15.5 2 -3
1451 15.5 2 -3
1452 15.5 2 -3
1453 15.5 0.5 -3
1454 15.5 0.5 -3
1455 15.5 0.5 -3
1456 15.5 0.5 -3
1457 15.5 0.5 -3
1458 15.5 -1 -3
1459 15.5 -1 -3
1460 15.5 -1 -3
1461 15.5 -1 -3
1462 15.5 -1 -3
1463 15.5 -1 -3
1464 15.5 -2.5 -3
1465 15.5 -2.5 -3
1466 15.5 -2.5 -3
1467 15.5 -2.5 -3
1468 15.5 -2.5 -3
1469 15.5 -4 -3
1470 15.5 -4 -3
1471 15.5 -4 -3
1472 15.5 -4 -3
1473 15.5 -4 -3
1474 15.5 -5.5 -3
1475 15.5 -5.5 -3
1476 15.5 -5.5 -3
1477 15.5 -5.5 -3
1478 15.5 -5.5 -3
1479 15.5 -7 -3
1480 15.5 -7 -3
1481 15.5 -7 -3
1482 15.5 -8.5 -3
1483 15.5 -8.5 -3
1484 15.5 -8.5 -3
1485 14 5 -3
1486 14 5 -3
1487 14 5 -3
1488 14 3.5 -3
1489 14 3.5 -3
1490 14 3.5 -3
1491 14 3.5 -3
1492 14 2 -3
1493 14 2 -3
1494 14 2 -3
1495 14 2 -3
1496 14 0.5 -3
1497 14 0.5 -3
1498 14 0.5 -3
1499 14 0.5 -3
1500 14 0.5 -3
1501 14 -1 -3
1502 14 -1 -3
1503 14 -1 -3
1504 14 -1 -3
1505 14 -1 -3
1506 14 -1 -3
1507 14 -2.5 -3
1508 14 -2.5 -3
1509 14 -2.5 -3
1510 14 -2.5 -3
1511 14 -2.5 -3
1512 14 -2.5 -3
1513 14 -4 -3
1514 14 -4 -3
1515 14 -4 -3
1516 14 -4 -3
1517 14 -4 -3
1518 14 -5.5 -3
1519 14 -5.5 -3
1520 14 -5.5 -3
1521 14 -5.5 -3
1522 14 -7 -3
1523 14 -7 -3
1524 14 -7 -3
1525 14 -8.5 -3
1526 14 -8.5 -3
1527 14 -8.5 -3
1528 12.5 6.5 -3
1529 12.5 5 -3
1530 12.5 5 -3
1531 12.5 5 -3
1532 12.5 0.5 -3
1533 12.5 0.5 -3
1534 12.5 0.5 -3
1535 12.5 0.5 -3
1536 12.5 0.5 -3
1537 12.5 -1 -3
1538 12.5 -1 -3
1539 12.5 -1 -3
1540 12.5 -1 -3
1541 12.5 -1 -3
1542 12.5 -1 -3
1543 12.5 -2.5 -3
1544 12.5 -2.5 -3
1545 12.5 -2.5 -3
1546 12.5 -2.5 -3
1547 12.5 -2.5 -3
1548 12.5 -2.5 -3
1549 12.5 -4 -3
1550 12.5 -4 -3
1551 12.5 -4 -3
1552 12.5 -4 -3
1553 12.5 -4 -3
1554 12.5 -8.5 -3
1555 12.5 -8.5 -3
1556 12.5 -8.5 -3
1557 12.5 -10 -3
1558 11 0.5 -3
1559 11 0.5 -3
1560 11 0.5 -3
1561 11 0.5 -3
1562 11 0.5 -3
1563 11 -1 -3
1564 11 -1 -3
1565 11 -1 -3
1566 11 -1 -3
1567 11 -1 -3
1568 11 -1 -3
1569 11 -2.5 -3
1570 11 -2.5 -3
1571 11 -2.5 -3
1572 11 -2.5 -3
1573 11 -2.5 -3
1574 11 -2.5 -3
1575 11 -2.5 -3
1576 11 -2.5 -3
1577 9.5 6.5 -3
1578 9.5 0.5 -3
1579 9.5 0.5 -3
1580 9.5 0.5 -3
1581 9.5 0.5 -3
1582 9.5 0.5 -3
1583 9.5 -1 -3
1584 9.5 -1 -3
1585 9.5 -1 -3
1586 9.5 -1 -3
1587 9.5 -1 -3
1588 9.5 -1 -3
1589 9.5 -1 -3
1590 9.5 -2.5 -3
1591 9.5 -2.5 -3
1592 9.5 -2.5 -3
1593 9.5 -2.5 -3
1594 9.5 -2.5 -3
1595 9.5 -2.5 -3
1596 9.5 -2.5 -3
1597 9.5 -2.5 -3
1598 8 5 -3
1599 8 5 -3
1600 8 5 -3
1601 8 3.5 -3
1602 8 3.5 -3
1603 8 3.5 -3
1604 8 2 -3
1605 8 2 -3
1606 8 2 -3
1607 8 2 -3
1608 8 2 -3
1609 8 0.5 -3
1610 8 0.5 -3
1611 8 0.5 -3
1612 8 0.5 -3
1613 8 0.5 -3
1614 8 -1 -3
1615 8 -1 -3
1616 8 -1 -3
1617 8 -1 -3
1618 8 -1 -3
1619 8 -1 -3
1620 8 -1 -3
1621 8 -2.5 -3
1622 8 -2.5 -3
1623 8 -2.5 -3
1624 8 -2.5 -3
1625 8 -2.5 -3
1626 8 -2.5 -3
1627 8 -4 -3
1628 8 -4 -3
1629 8 -4 -3
1630 8 -4 -3
1631 8 -4 -3
1632 8 -5.5 -3
1633 8 -5.5 -3
1634 8 -5.5 -3
1635 8 -5.5 -3
1636 8 -7 -3
1637 8 -7 -3
1638 8 -7 -3
1639 8 -8.5 -3
1640 8 -8.5 -3
1641 8 -8.5 -3
1642 8 -10 -3
1643 6.5 5 -3
1644 6.5 5 -3
1645 6.5 5 -3
1646 6.5 3.5 -3
1647 6.5 3.5 -3
1648 6.5 3.5 -3
1649 6.5 3.5 -3
1650 6.5 2 -3
1651 6.5 2 -3
1652 6.5 2 -3
1653 6.5 2 -3
1654 6.5 0.5 -3
1655 6.5 0.5 -3
1656 6.5 0.5 -3
1657 6.5 0.5 -3
1658 6.5 0.5 -3
1659 6.5 -1 -3
1660 6.5 -1 -3
1661 6.5 -1 -3
1662 6.5 -1 -3
1663 6.5 -1 -3
1664 6.5 -1 -3
1665 6.5 -2.5 -3
1666 6.5 -2.5 -3
1667 6.5 -2.5 -3
1668 6.5 -2.5 -3
1669 6.5 -2.5 -3
1670 6.5 -2.5 -3
1671 6.5 -4 -3
1672 6.5 -4 -3
1673 6.5 -4 -3
1674 6.5 -4 -3
1675 6.5 -5.5 -3
1676 6.5 -5.5 -3
1677 6.5 -5.5 -3
1678 6.5 -5.5 -3
1679 6.5 -7 -3
1680 6.5 -7 -3
1681 6.5 -7 -3
1682 6.5 -8.5 -3
1683 6.5 -8.5 -3
1684 6.5 -8.5 -3
1685 5 5 -3
1686 5 5 -3
1687 5 5 -3
1688 5 3.5 -3
1689 5 3.5 -3
1690 5 3.5 -3
1691 5 3.5 -3
1692 5 2 -3
1693 5 2 -3
1694 5 2 -3
1695 5 2 -3
1696 5 0.5 -3
1697 5 0.5 -3
1698 5 0.5 -3
1699 5 0.5 -3
1700 5 -1 -3
1701 5 -1 -3
1702 5 -1 -3
1703 5 -1 -3
1704 5 -1 -3
1705 5 -2.5 -3
1706 5 -2.5 -3
1707 5 -2.5 -3
1708 5 -2.5 -3
1709 5 -2.5 -3
1710 5 -4 -3
1711 5 -4 -3
1712 5 -4 -3
1713 5 -4 -3
1714 5 -5.5 -3
1715 5 -5.5 -3
1716 5 -5.5 -3
1717 5 -5.5 -3
1718 5 -7 -3
1719 5 -7 -3
1720 5 -7 -3
1721 5 -8.5 -3
1722 5 -8.5 -3
1723 5 -8.5 -3
1724 3.5 5 -3
1725 3.5 5 -3
1726 3.5 3.5 -3
1727 3.5 3.5 -3
1728 3.5 3.5 -3
1729 3.5 2 -3
1730 3.5 2 -3
1731 3.5 2 -3
1732 3.5 2 -3
1733 3.5 -4 -3
1734 3.5 -4 -3
1735 3.5 -4 -3
1736 3.5 -4 -3
1737 3.5 -5.5 -3
1738 3.5 -5.5 -3
1739 3.5 -5.5 -3
1740 3.5 -5.5 -3
1741 3.5 -8.5 -3
1742 3.5 -8.5 -3
1743 2 3.5 -3
1744 2 3.5 -3
1745 2 2 -3
1746 2 2 -3
1747 2 2 -3
1748 2 -4 -3
1749 2 -4 -3
1750 2 -4 -3
1751 2 -5.5 -3
1752 2 -5.5 -3
1753 2 -5.5 -3
1754 0.5 2 -3
1755 0.5 2 -3
1756 0.5 2 -3
1757 0.5 0.5 -3
1758 0.5 0.5 -3
1759 0.5 -4 -3
1760 0.5 -4 -3
1761 0.5 -5.5 -3
1762 0.5 -5.5 -3
1763 0.5 -5.5 -3
1764 -1 2 -3
1765 -1 2 -3
1766 -1 0.5 -3
1767 -1 0.5 -3
1768 -1 -1 -3
1769 -1 -2.5 -3
1770 -1 -2.5 -3
1771 -1 -4 -3
1772 -1 -4 -3
1773 -2.5 0.5 -3
1774 -2.5 0.5 -3
1775 -2.5 -1 -3
1776 -2.5 -4 -3
1777 -2.5 -4 -3
1778 15.5 -1 -4.5
1779 15.5 -1 -4.5
1780 15.5 -1 -4.5
1781 15.5 -1 -4.5
1782 15.5 -1 -4.5
1783 15.5 -2.5 -4.5
1784 15.5 -2.5 -4.5
1785 15.5 -2.5 -4.5
1786 14 3.5 -4.5
1787 14 3.5 -4.5
1788 14 2 -4.5
1789 14 2 -4.5
1790 14 2 -4.5
1791 14 -1 -4.5
1792 14 -1 -4.5
1793 14 -1 -4.5
1794 14 -2.5 -4.5
1795 14 -2.5 -4.5
1796 14 -2.5 -4.5
1797 14 -5.5 -4.5
1798 14 -5.5 -4.5
1799 14 -5.5 -4.5
1800 14 -7 -4.5
1801 14 -7 -4.5
1802 12.5 6.5 -4.5
1803 12.5 6.5 -4.5
1804 12.5 5 -4.5
1805 12.5 5 -4.5
1806 12.5 3.5 -4.5
1807 12.5 3.5 -4.5
1808 12.5 3.5 -4.5
1809 12.5 2 -4.5
1810 12.5 2 -4.5
1811 12.5 2 -4.5
1812 12.5 2 -4.5
1813 12.5 0.5 -4.5
1814 12.5 0.5 -4.5
1815 12.5 0.5 -4.5
1816 12.5 0.5 -4.5
1817 12.5 0.5 -4.5
1818 12.5 -1 -4.5
1819 12.5 -1 -4.5
1820 12.5 -1 -4.5
1821 12.5 -1 -4.5
1822 12.5 -2.5 -4.5
1823 12.5 -2.5 -4.5
1824 12.5 -2.5 -4.5
1825 12.5 -2.5 -4.5
1826 12.5 -2.5 -4.5
1827 12.5 -4 -4.5
1828 12.5 -4 -4.5
1829 12.5 -4 -4.5
1830 12.5 -4 -4.5
1831 12.5 -5.5 -4.5
1832 12.5 -5.5 -4.5
1833 12.5 -5.5 -4.5
1834 12.5 -5.5 -4.5
1835 12.5 -7 -4.5
1836 12.5 -7 -4.5
1837 12.5 -7 -4.5
1838 12.5 -8.5 -4.5
1839 12.5 -8.5 -4.5
1840 11 6.5 -4.5
1841 11 5 -4.5
1842 11 5 -4.5
1843 11 5 -4.5
1844 11 3.5 -4.5
1845 11 3.5 -4.5
1846 11 3.5 -4.5
1847 11 2 -4.5
1848 11 2 -4.5
1849 11 2 -4.5
1850 11 2 -4.5
1851 11 0.5 -4.5
1852 11 0.5 -4.5
1853 11 0.5 -4.5
1854 11 0.5 -4.5
1855 11 0.5 -4.5
1856 11 -1 -4.5
1857 11 -1 -4.5
1858 11 -1 -4.5
1859 11 -1 -4.5
1860 11 -1 -4.5
1861 11 -1 -4.5
1862 11 -1 -4.5
1863 11 -2.5 -4.5
1864 11 -2.5 -4.5
1865 11 -2.5 -4.5
1866 11 -2.5 -4.5
1867 11 -2.5 -4.5
1868 11 -2.5 -4.5
1869 11 -2.5 -4.5
1870 11 -2.5 -4.5
1871 11 -4 -4.5
1872 11 -4 -4.5
1873 11 -4 -4.5
1874 11 -4 -4.5
1875 11 -5.5 -4.5
1876 11 -5.5 -4.5
1877 11 -5.5 -4.5
1878 11 -5.5 -4.5
1879 11 -7 -4.5
1880 11 -7 -4.5
1881 11 -7 -4.5
1882 11 -7 -4.5
1883 11 -8.5 -4.5
1884 11 -8.5 -4.5
1885 11 -8.5 -4.5
1886 9.5 6.5 -4.5
1887 9.5 6.5 -4.5
1888 9.5 5 -4.5
1889 9.5 5 -4.5
1890 9.5 5 -4.5
1891 9.5 3.5 -4.5
1892 9.5 3.5 -4.5
1893 9.5 3.5 -4.5
1894 9.5 2 -4.5
1895 9.5 2 -4.5
1896 9.5 2 -4.5
1897 9.5 0.5 -4.5
1898 9.5 0.5 -4.5
1899 9.5 0.5 -4.5
1900 9.5 0.5 -4.5
1901 9.5 0.5 -4.5
1902 9.5 -1 -4.5
1903 9.5 -1 -4.5
1904 9.5 -1 -4.5
1905 9.5 -1 -4.5
1906 9.5 -1 -4.5
1907 9.5 -1 -4.5
1908 9.5 -1 -4.5
1909 9.5 -2.5 -4.5
1910 9.5 -2.5 -4.5
1911 9.5 -2.5 -4.5
1912 9.5 -2.5 -4.5
1913 9.5 -2.5 -4.5
1914 9.5 -2.5 -4.5
1915 9.5 -2.5 -4.5
1916 9.5 -2.5 -4.5
1917 9.5 -4 -4.5
1918 9.5 -4 -4.5
1919 9.5 -4 -4.5
1920 9.5 -4 -4.5
1921 9.5 -4 -4.5
1922 9.5 -5.5 -4.5
1923 9.5 -5.5 -4.5
1924 9.5 -5.5 -4.5
1925 9.5 -5.5 -4.5
1926 9.5 -7 -4.5
1927 9.5 -7 -4.5
1928 9.5 -7 -4.5
1929 9.5 -8.5 -4.5
1930 9.5 -8.5 -4.5
1931 9.5 -8.5 -4.5
1932 8 5 -4.5
1933 8 5 -4.5
1934 8 5 -4.5
1935 8 3.5 -4.5
1936 8 3.5 -4.5
1937 8 3.5 -4.5
1938 8 2 -4.5
1939 8 2 -4.5
1940 8 2 -4.5
1941 8 2 -4.5
1942 8 0.5 -4.5
1943 8 0.5 -4.5
1944 8 0.5 -4.5
1945 8 0.5 -4.5
1946 8 0.5 -4.5
1947 8 -1 -4.5
1948 8 -1 -4.5
1949 8 -1 -4.5
1950 8 -1 -4.5
1951 8 -1 -4.5
1952 8 -1 -4.5
1953 8 -1 -4.5
1954 8 -2.5 -4.5
1955 8 -2.5 -4.5
1956 8 -2.5 -4.5
1957 8 -2.5 -4.5
1958 8 -2.5 -4.5
1959 8 -2.5 -4.5
1960 8 -2.5 -4.5
1961 8 -4 -4.5
1962 8 -4 -4.5
1963 8 -4 -4.5
1964 8 -4 -4.5
1965 8 -4 -4.5
1966 8 -4 -4.5
1967 8 -5.5 -4.5
1968 8 -5.5 -4.5
1969 8 -5.5 -4.5
1970 8 -5.5 -4.5
1971 8 -5.5 -4.5
1972 8 -7 -4.5
1973 8 -7 -4.5
1974 8 -7 -4.5
1975 8 -8.5 -4.5
1976 8 -8.5 -4.5
1977 8 -8.5 -4.5
1978 6.5 3.5 -4.5
1979 6.5 3.5 -4.5
1980 6.5 3.5 -4.5
1981 6.5 2 -4.5
1982 6.5 2 -4.5
1983 6.5 2 -4.5
1984 6.5 2 -4.5
1985 6.5 0.5 -4.5
1986 6.5 0.5 -4.5
1987 6.5 0.5 -4.5
1988 6.5 0.5 -4.5
1989 6.5 -1 -4.5
1990 6.5 -1 -4.5
1991 6.5 -1 -4.5
1992 6.5 -1 -4.5
1993 6.5 -1 -4.5
1994 6.5 -2.5 -4.5
1995 6.5 -2.5 -4.5
1996 6.5 -2.5 -4.5
1997 6.5 -2.5 -4.5
1998 6.5 -2.5 -4.5
1999 6.5 -2.5 -4.5
2000 6.5 -2.5 -4.5
2001 6.5 -2.5 -4.5
2002 6.5 -5.5 -4.5
2003 6.5 -5.5 -4.5
2004 6.5 -5.5 -4.5
2005 6.5 -5.5 -4.5
2006 6.5 -7 -4.5
2007 6.5 -7 -4.5
2008 6.5 -7 -4.5
2009 5 3.5 -4.5
2010 5 3.5 -4.5
2011 5 3.5 -4.5
2012 5 2 -4.5
2013 5 2 -4.5
2014 5 2 -4.5
2015 5 0.5 -4.5
2016 5 0.5 -4.5
2017 5 0.5 -4.5
2018 5 -1 -4.5
2019 5 -1 -4.5
2020 5 -1 -4.5
2021 5 -1 -4.5
2022 5 -2.5 -4.5
2023 5 -2.5 -4.5
2024 5 -2.5 -4.5
2025 5 -2.5 -4.5
2026 5 -2.5 -4.5
2027 5 -4 -4.5
2028 5 -4 -4.5
2029 5 -4 -4.5
2030 5 -5.5 -4.5
2031 5 -5.5 -4.5
2032 5 -5.5 -4.5
2033 5 -7 -4.5
2034 5 -7 -4.5
2035 3.5 2 -4.5
2036 3.5 2 -4.5
2037 3.5 2 -4.5
2038 3.5 0.5 -4.5
2039 3.5 0.5 -4.5
2040 3.5 0.5 -4.5
2041 3.5 -1 -4.5
2042 3.5 -1 -4.5
2043 3.5 -1 -4.5
2044 3.5 -2.5 -4.5
2045 3.5 -2.5 -4.5
2046 3.5 -2.5 -4.5
2047 3.5 -4 -4.5
2048 3.5 -4 -4.5
2049 3.5 -4 -4.5
2050 2 2 -4.5
2051 2 2 -4.5
2052 2 0.5 -4.5
2053 2 0.5 -4.5
2054 2 -1 -4.5
2055 2 -1 -4.5
2056 2 -2.5 -4.5
2057 2 -2.5 -4.5
2058 2 -2.5 -4.5
2059 2 -4 -4.5
2060 2 -4 -4.5
2061 0.5 0.5 -4.5
2062 0.5 0.5 -4.5
2063 0.5 -1 -4.5
2064 0.5 -1 -4.5
2065 0.5 -2.5 -4.5
2066 0.5 -2.5 -4.5
2067 0.5 -2.5 -4.5
2068 0.5 -4 -4.5
2069 0.5 -4 -4.5
