1 20 5 8.5
2 20 5 8.5
3 20 2.5 8.5
4 20 2.5 8.5
5 20 0 8.5
6 20 0 8.5
7 20 0 8.5
8 20 -2.5 8.5
9 20 -2.5 8.5
10 20 -2.5 8.5
11 20 -5 8.5
12 20 -5 8.5
13 17.5 5 8.5
14 17.5 5 8.5
15 17.5 2.5 8.5
16 17.5 2.5 8.5
17 17.5 2.5 8.5
18 17.5 -2.5 8.5
19 17.5 -2.5 8.5
20 17.5 -2.5 8.5
21 17.5 -5 8.5
22 17.5 -5 8.5
23 15 2.5 8.5
24 15 2.5 8.5
25 15 2.5 8.5
26 15 0 8.5
27 15 0 8.5
28 15 0 8.5
29 15 -2.5 8.5
30 15 -2.5 8.5
31 15 -2.5 8.5
32 22.5 2.5 6
33 22.5 2.5 6
34 22.5 2.5 6
35 22.5 0 6
36 22.5 0 6
37 22.5 0 6
38 22.5 -2.5 6
39 22.5 -2.5 6
40 22.5 -2.5 6
41 20 5 6
42 20 5 6
43 20 5 6
44 20 5 6
45 20 -5 6
46 20 -5 6
47 20 -5 6
48 20 -5 6
49 17.5 7.5 6
50 17.5 7.5 6
51 17.5 7.5 6
52 17.5 7.5 6
53 17.5 5 6
54 17.5 5 6
55 17.5 5 6
56 17.5 5 6
57 17.5 5 6
58 17.5 -5 6
59 17.5 -5 6
60 17.5 -5 6
61 17.5 -5 6
62 17.5 -5 6
63 17.5 -7.5 6
64 17.5 -7.5 6
65 17.5 -7.5 6
66 17.5 -7.5 6
67 15 7.5 6
68 15 7.5 6
69 15 7.5 6
70 15 5 6
71 15 5 6
72 15 5 6
73 15 5 6
74 15 5 6
75 15 -5 6
76 15 -5 6
77 15 -5 6
78 15 -5 6
79 15 -5 6
80 15 -7.5 6
81 15 -7.5 6
82 15 -7.5 6
83 15 -7.5 6
84 12.5 7.5 6
85 12.5 7.5 6
86 12.5 7.5 6
87 12.5 5 6
88 12.5 5 6
89 12.5 5 6
90 12.5 5 6
91 12.5 2.5 6
92 12.5 2.5 6
93 12.5 2.5 6
94 12.5 2.5 6
95 12.5 2.5 6
96 12.5 2.5 6
97 12.5 2.5 6
98 12.5 0 6
99 12.5 0 6
100 12.5 0 6
101 12.5 0 6
102 12.5 0 6
103 12.5 0 6
104 12.5 0 6
105 12.5 0 6
106 12.5 -2.5 6
107 12.5 -2.5 6
108 12.5 -2.5 6
109 12.5 -2.5 6
110 12.5 -2.5 6
111 12.5 -2.5 6
112 12.5 -2.5 6
113 12.5 -5 6
114 12.5 -5 6
115 12.5 -5 6
116 12.5 -5 6
117 12.5 -7.5 6
118 12.5 -7.5 6
119 12.5 -7.5 6
120 10 7.5 6
121 10 7.5 6
122 10 7.5 6
123 10 7.5 6
124 10 5 6
125 10 5 6
126 10 5 6
127 10 5 6
128 10 5 6
129 10 2.5 6
130 10 2.5 6
131 10 2.5 6
132 10 2.5 6
133 10 2.5 6
134 10 2.5 6
135 10 0 6
136 10 0 6
137 10 0 6
138 10 0 6
139 10 0 6
140 10 0 6
141 10 0 6
142 10 0 6
143 10 -2.5 6
144 10 -2.5 6
145 10 -2.5 6
146 10 -2.5 6
147 10 -2.5 6
148 10 -2.5 6
149 10 -5 6
150 10 -5 6
151 10 -5 6
152 10 -5 6
153 10 -5 6
154 10 -7.5 6
155 10 -7.5 6
156 10 -7.5 6
157 10 -7.5 6
158 7.5 5 6
159 7.5 5 6
160 7.5 5 6
161 7.5 5 6
162 7.5 2.5 6
163 7.5 2.5 6
164 7.5 2.5 6
165 7.5 2.5 6
166 7.5 2.5 6
167 7.5 2.5 6
168 7.5 -2.5 6
169 7.5 -2.5 6
170 7.5 -2.5 6
171 7.5 -2.5 6
172 7.5 -2.5 6
173 7.5 -2.5 6
174 7.5 -5 6
175 7.5 -5 6
176 7.5 -5 6
177 7.5 -5 6
178 7.5 -5 6
179 5 5 6
180 5 5 6
181 5 5 6
182 5 5 6
183 5 2.5 6
184 5 2.5 6
185 5 2.5 6
186 5 2.5 6
187 5 2.5 6
188 5 -2.5 6
189 5 -2.5 6
190 5 -2.5 6
191 5 -2.5 6
192 5 -2.5 6
193 5 -5 6
194 5 -5 6
195 5 -5 6
196 5 -5 6
197 2.5 2.5 6
198 2.5 2.5 6
199 2.5 2.5 6
200 2.5 2.5 6
201 2.5 0 6
202 2.5 0 6
203 2.5 0 6
204 2.5 -2.5 6
205 2.5 -2.5 6
206 2.5 -2.5 6
207 2.5 -2.5 6
208 0 2.5 6
209 0 2.5 6
210 0 0 6
211 0 0 6
212 0 0 6
213 0 -2.5 6
214 0 -2.5 6
215 -2.5 0 6
216 22.5 5 3.5
217 22.5 5 3.5
218 22.5 2.5 3.5
219 22.5 2.5 3.5
220 22.5 2.5 3.5
221 22.5 2.5 3.5
222 22.5 0 3.5
223 22.5 0 3.5
224 22.5 0 3.5
225 22.5 -2.5 3.5
226 22.5 -2.5 3.5
227 22.5 -2.5 3.5
228 22.5 -2.5 3.5
229 22.5 -5 3.5
230 22.5 -5 3.5
231 20 7.5 3.5
232 20 7.5 3.5
233 20 7.5 3.5
234 20 -7.5 3.5
235 20 -7.5 3.5
236 20 -7.5 3.5
237 17.5 10 3.5
238 17.5 10 3.5
239 17.5 7.5 3.5
240 17.5 7.5 3.5
241 17.5 7.5 3.5
242 17.5 7.5 3.5
243 17.5 -7.5 3.5
244 17.5 -7.5 3.5
245 17.5 -7.5 3.5
246 17.5 -7.5 3.5
247 17.5 -10 3.5
248 17.5 -10 3.5
249 17.5 -10 3.5
250 15 10 3.5
251 15 10 3.5
252 15 -10 3.5
253 15 -10 3.5
254 12.5 10 3.5
255 12.5 10 3.5
256 12.5 10 3.5
257 12.5 -10 3.5
258 12.5 -10 3.5
259 12.5 -10 3.5
260 10 7.5 3.5
261 10 7.5 3.5
262 10 7.5 3.5
263 10 7.5 3.5
264 10 -7.5 3.5
265 10 -7.5 3.5
266 10 -7.5 3.5
267 10 -7.5 3.5
268 10 -10 3.5
269 10 -10 3.5
270 7.5 7.5 3.5
271 7.5 7.5 3.5
272 7.5 7.5 3.5
273 7.5 5 3.5
274 7.5 5 3.5
275 7.5 5 3.5
276 7.5 5 3.5
277 7.5 -5 3.5
278 7.5 -5 3.5
279 7.5 -5 3.5
280 7.5 -5 3.5
281 7.5 -7.5 3.5
282 7.5 -7.5 3.5
283 7.5 -7.5 3.5
284 5 5 3.5
285 5 5 3.5
286 5 5 3.5
287 5 5 3.5
288 5 -5 3.5
289 5 -5 3.5
290 5 -5 3.5
291 5 -5 3.5
292 2.5 5 3.5
293 2.5 5 3.5
294 2.5 5 3.5
295 2.5 5 3.5
296 2.5 -5 3.5
297 2.5 -5 3.5
298 2.5 -5 3.5
299 2.5 -5 3.5
300 -2.5 2.5 3.5
301 -2.5 2.5 3.5
302 -2.5 0 3.5
303 -2.5 -2.5 3.5
304 -2.5 -2.5 3.5
