1 7.5 0 5
2 5 2.5 5
3 5 2.5 5
4 5 0 5
5 5 0 5
6 5 0 5
7 5 -2.5 5
8 5 -2.5 5
9 2.5 2.5 5
10 2.5 2.5 5
11 2.5 2.5 5
12 2.5 0 5
13 2.5 0 5
14 2.5 0 5
15 2.5 -2.5 5
16 2.5 -2.5 5
17 2.5 -2.5 5
18 0 5 5
19 0 5 5
20 0 5 5
21 0 2.5 5
22 0 2.5 5
23 0 2.5 5
24 0 2.5 5
25 0 2.5 5
26 0 0 5
27 0 0 5
28 0 -2.5 5
29 0 -2.5 5
30 0 -2.5 5
31 0 -2.5 5
32 0 -2.5 5
33 0 -5 5
34 0 -5 5
35 0 -5 5
36 -2.5 5 5
37 -2.5 5 5
38 -2.5 2.5 5
39 -2.5 2.5 5
40 -2.5 2.5 5
41 -2.5 -2.5 5
42 -2.5 -2.5 5
43 -2.5 -2.5 5
44 -2.5 -5 5
45 -2.5 -5 5
46 -5 2.5 5
47 -5 2.5 5
48 -5 2.5 5
49 -5 0 5
50 -5 0 5
51 -5 0 5
52 -5 -2.5 5
53 -5 -2.5 5
54 -5 -2.5 5
55 10 2.5 2.5
56 10 2.5 2.5
57 10 0 2.5
58 10 -2.5 2.5
59 10 -2.5 2.5
60 7.5 2.5 2.5
61 7.5 2.5 2.5
62 7.5 2.5 2.5
63 7.5 -2.5 2.5
64 7.5 -2.5 2.5
65 7.5 -2.5 2.5
66 5 5 2.5
67 5 5 2.5
68 5 5 2.5
69 5 -5 2.5
70 5 -5 2.5
71 5 -5 2.5
72 2.5 5 2.5
73 2.5 5 2.5
74 2.5 5 2.5
75 2.5 5 2.5
76 2.5 -5 2.5
77 2.5 -5 2.5
78 2.5 -5 2.5
79 2.5 -5 2.5
80 0 7.5 2.5
81 0 7.5 2.5
82 0 -7.5 2.5
83 0 -7.5 2.5
84 -2.5 7.5 2.5
85 -2.5 7.5 2.5
86 -2.5 -7.5 2.5
87 -2.5 -7.5 2.5
88 -5 5 2.5
89 -5 5 2.5
90 -5 5 2.5
91 -5 -5 2.5
92 -5 -5 2.5
93 -5 -5 2.5
94 -7.5 2.5 2.5
95 -7.5 2.5 2.5
96 -7.5 0 2.5
97 -7.5 0 2.5
98 -7.5 0 2.5
99 -7.5 -2.5 2.5
100 -7.5 -2.5 2.5
101 5 5 0
102 5 5 0
103 5 -5 0
104 5 -5 0
105 2.5 5 0
106 2.5 5 0
107 2.5 -5 0
108 2.5 -5 0
109 0 -7.5 0
110 -5 -5 0
111 -7.5 -2.5 0
