1 12.5 2.5 8.5
2 12.5 2.5 8.5
3 12.5 -2.5 8.5
4 12.5 -2.5 8.5
5 10 2.5 8.5
6 10 -2.5 8.5
7 7.5 2.5 8.5
8 7.5 2.5 8.5
9 7.5 -2.5 8.5
10 7.5 -2.5 8.5
11 15 2.5 6
12 15 2.5 6
13 15 0 6
14 15 0 6
15 15 0 6
16 15 -2.5 6
17 15 -2.5 6
18 15 -2.5 6
19 12.5 5 6
20 12.5 5 6
21 12.5 5 6
22 12.5 2.5 6
23 12.5 2.5 6
24 12.5 2.5 6
25 12.5 2.5 6
26 12.5 0 6
27 12.5 0 6
28 12.5 0 6
29 12.5 -2.5 6
30 12.5 -2.5 6
31 12.5 -2.5 6
32 12.5 -2.5 6
33 12.5 -5 6
34 12.5 -5 6
35 12.5 -5 6
36 10 7.5 6
37 10 7.5 6
38 10 7.5 6
39 10 7.5 6
40 10 5 6
41 10 5 6
42 10 5 6
43 10 5 6
44 10 2.5 6
45 10 2.5 6
46 10 2.5 6
47 10 2.5 6
48 10 2.5 6
49 10 0 6
50 10 0 6
51 10 0 6
52 10 0 6
53 10 0 6
54 10 0 6
55 10 0 6
56 10 -2.5 6
57 10 -2.5 6
58 10 -2.5 6
59 10 -2.5 6
60 10 -2.5 6
61 10 -5 6
62 10 -5 6
63 10 -5 6
64 10 -5 6
65 10 -7.5 6
66 10 -7.5 6
67 10 -7.5 6
68 10 -7.5 6
69 7.5 7.5 6
70 7.5 7.5 6
71 7.5 7.5 6
72 7.5 5 6
73 7.5 5 6
74 7.5 5 6
75 7.5 2.5 6
76 7.5 2.5 6
77 7.5 2.5 6
78 7.5 2.5 6
79 7.5 2.5 6
80 7.5 0 6
81 7.5 0 6
82 7.5 0 6
83 7.5 0 6
84 7.5 0 6
85 7.5 0 6
86 7.5 0 6
87 7.5 0 6
88 7.5 -2.5 6
89 7.5 -2.5 6
90 7.5 -2.5 6
91 7.5 -2.5 6
92 7.5 -2.5 6
93 7.5 -5 6
94 7.5 -5 6
95 7.5 -5 6
96 7.5 -5 6
97 7.5 -5 6
98 7.5 -7.5 6
99 7.5 -7.5 6
100 7.5 -7.5 6
101 5 7.5 6
102 5 7.5 6
103 5 7.5 6
104 5 5 6
105 5 5 6
106 5 5 6
107 5 5 6
108 5 2.5 6
109 5 2.5 6
110 5 2.5 6
111 5 2.5 6
112 5 2.5 6
113 5 0 6
114 5 0 6
115 5 0 6
116 5 0 6
117 5 0 6
118 5 0 6
119 5 0 6
120 5 0 6
121 5 -2.5 6
122 5 -2.5 6
123 5 -2.5 6
124 5 -2.5 6
125 5 -2.5 6
126 5 -2.5 6
127 5 -5 6
128 5 -5 6
129 5 -5 6
130 5 -5 6
131 5 -7.5 6
132 5 -7.5 6
133 5 -7.5 6
134 2.5 5 6
135 2.5 5 6
136 2.5 5 6
137 2.5 5 6
138 2.5 2.5 6
139 2.5 2.5 6
140 2.5 2.5 6
141 2.5 2.5 6
142 2.5 2.5 6
143 2.5 2.5 6
144 2.5 0 6
145 2.5 0 6
146 2.5 0 6
147 2.5 0 6
148 2.5 0 6
149 2.5 -2.5 6
150 2.5 -2.5 6
151 2.5 -2.5 6
152 2.5 -2.5 6
153 2.5 -2.5 6
154 2.5 -2.5 6
155 2.5 -5 6
156 2.5 -5 6
157 2.5 -5 6
158 2.5 -5 6
159 0 2.5 6
160 0 2.5 6
161 0 2.5 6
162 0 2.5 6
163 0 2.5 6
164 0 0 6
165 0 0 6
166 0 0 6
167 0 -2.5 6
168 0 -2.5 6
169 0 -2.5 6
170 0 -2.5 6
171 0 -2.5 6
172 0 -5 6
173 0 -5 6
174 0 -5 6
175 0 -5 6
176 -2.5 2.5 6
177 -2.5 2.5 6
178 -2.5 2.5 6
179 -2.5 0 6
180 -2.5 0 6
181 -2.5 0 6
182 -2.5 -2.5 6
183 -2.5 -2.5 6
184 -5 2.5 6
185 -5 2.5 6
186 -5 0 6
187 -5 0 6
188 -5 0 6
189 -5 -2.5 6
190 -5 -2.5 6
191 15 5 3.5
192 15 5 3.5
193 15 2.5 3.5
194 15 2.5 3.5
195 15 0 3.5
196 15 0 3.5
197 15 0 3.5
198 15 -2.5 3.5
199 15 -2.5 3.5
200 15 -5 3.5
201 15 -5 3.5
202 12.5 7.5 3.5
203 12.5 7.5 3.5
204 12.5 7.5 3.5
205 12.5 5 3.5
206 12.5 5 3.5
207 12.5 5 3.5
208 12.5 2.5 3.5
209 12.5 2.5 3.5
210 12.5 2.5 3.5
211 12.5 2.5 3.5
212 12.5 0 3.5
213 12.5 0 3.5
214 12.5 0 3.5
215 12.5 0 3.5
216 12.5 0 3.5
217 12.5 -2.5 3.5
218 12.5 -2.5 3.5
219 12.5 -2.5 3.5
220 12.5 -2.5 3.5
221 12.5 -5 3.5
222 12.5 -5 3.5
223 12.5 -5 3.5
224 12.5 -7.5 3.5
225 12.5 -7.5 3.5
226 12.5 -7.5 3.5
227 10 7.5 3.5
228 10 7.5 3.5
229 10 5 3.5
230 10 5 3.5
231 10 5 3.5
232 10 5 3.5
233 10 -5 3.5
234 10 -5 3.5
235 10 -5 3.5
236 10 -5 3.5
237 10 -7.5 3.5
238 10 -7.5 3.5
239 10 -7.5 3.5
240 7.5 7.5 3.5
241 7.5 7.5 3.5
242 7.5 7.5 3.5
243 7.5 5 3.5
244 7.5 5 3.5
245 7.5 5 3.5
246 7.5 5 3.5
247 7.5 2.5 3.5
248 7.5 2.5 3.5
249 7.5 2.5 3.5
250 7.5 2.5 3.5
251 7.5 2.5 3.5
252 7.5 2.5 3.5
253 7.5 2.5 3.5
254 7.5 2.5 3.5
255 7.5 -5 3.5
256 7.5 -5 3.5
257 7.5 -5 3.5
258 7.5 -5 3.5
259 7.5 -5 3.5
260 7.5 -5 3.5
261 7.5 -7.5 3.5
262 7.5 -7.5 3.5
263 7.5 -7.5 3.5
264 7.5 -10 3.5
265 7.5 -10 3.5
266 5 7.5 3.5
267 5 7.5 3.5
268 5 7.5 3.5
269 5 5 3.5
270 5 5 3.5
271 5 5 3.5
272 5 5 3.5
273 5 -5 3.5
274 5 -5 3.5
275 5 -5 3.5
276 5 -5 3.5
277 5 -5 3.5
278 5 -7.5 3.5
279 5 -7.5 3.5
280 5 -7.5 3.5
281 5 -10 3.5
282 5 -10 3.5
283 2.5 7.5 3.5
284 2.5 7.5 3.5
285 2.5 7.5 3.5
286 2.5 7.5 3.5
287 2.5 5 3.5
288 2.5 5 3.5
289 2.5 5 3.5
290 2.5 5 3.5
291 2.5 2.5 3.5
292 2.5 2.5 3.5
293 2.5 2.5 3.5
294 2.5 2.5 3.5
295 2.5 2.5 3.5
296 2.5 2.5 3.5
297 2.5 -2.5 3.5
298 2.5 -2.5 3.5
299 2.5 -2.5 3.5
300 2.5 -2.5 3.5
301 2.5 -2.5 3.5
302 2.5 -2.5 3.5
303 2.5 -5 3.5
304 2.5 -5 3.5
305 2.5 -5 3.5
306 2.5 -5 3.5
307 2.5 -7.5 3.5
308 2.5 -7.5 3.5
309 2.5 -7.5 3.5
310 2.5 -7.5 3.5
311 0 5 3.5
312 0 5 3.5
313 0 5 3.5
314 0 5 3.5
315 0 2.5 3.5
316 0 2.5 3.5
317 0 2.5 3.5
318 0 2.5 3.5
319 0 2.5 3.5
320 0 -2.5 3.5
321 0 -2.5 3.5
322 0 -2.5 3.5
323 0 -2.5 3.5
324 0 -2.5 3.5
325 0 -2.5 3.5
326 0 -5 3.5
327 0 -5 3.5
328 0 -5 3.5
329 0 -5 3.5
330 -2.5 5 3.5
331 -2.5 5 3.5
332 -2.5 5 3.5
333 -2.5 2.5 3.5
334 -2.5 2.5 3.5
335 -2.5 2.5 3.5
336 -2.5 2.5 3.5
337 -2.5 -2.5 3.5
338 -2.5 -2.5 3.5
339 -2.5 -2.5 3.5
340 -2.5 -2.5 3.5
341 -2.5 -5 3.5
342 -2.5 -5 3.5
343 -2.5 -5 3.5
344 -2.5 -5 3.5
345 -5 2.5 3.5
346 -5 2.5 3.5
347 -5 2.5 3.5
348 -5 0 3.5
349 -5 0 3.5
350 -5 -2.5 3.5
351 -5 -2.5 3.5
352 -5 -2.5 3.5
353 -5 -5 3.5
354 -5 -5 3.5
355 -5 -5 3.5
356 -7.5 2.5 3.5
357 -7.5 2.5 3.5
358 -7.5 0 3.5
359 -7.5 -2.5 3.5
360 -7.5 -2.5 3.5
361 12.5 5 1
362 12.5 2.5 1
363 12.5 0 1
364 12.5 0 1
365 12.5 0 1
366 12.5 -2.5 1
367 12.5 -5 1
368 12.5 -5 1
369 10 5 1
370 10 2.5 1
371 10 2.5 1
372 10 -2.5 1
373 10 -2.5 1
374 10 -5 1
375 10 -7.5 1
376 7.5 7.5 1
377 7.5 7.5 1
378 7.5 5 1
379 7.5 5 1
380 7.5 2.5 1
381 7.5 2.5 1
382 7.5 2.5 1
383 7.5 -2.5 1
384 7.5 -2.5 1
385 7.5 -2.5 1
386 7.5 -5 1
387 7.5 -5 1
388 7.5 -7.5 1
389 7.5 -7.5 1
390 5 7.5 1
391 5 5 1
392 5 5 1
393 5 -5 1
394 5 -5 1
395 5 -7.5 1
396 2.5 7.5 1
397 2.5 7.5 1
398 2.5 5 1
399 2.5 5 1
400 2.5 5 1
401 2.5 2.5 1
402 2.5 2.5 1
403 2.5 2.5 1
404 2.5 -2.5 1
405 2.5 -2.5 1
406 2.5 -2.5 1
407 2.5 -5 1
408 2.5 -5 1
409 2.5 -5 1
410 2.5 -7.5 1
411 0 5 1
412 0 5 1
413 0 5 1
414 0 2.5 1
415 0 2.5 1
416 0 -2.5 1
417 0 -2.5 1
418 0 -5 1
419 0 -5 1
420 0 -5 1
421 -2.5 5 1
422 -2.5 5 1
423 -2.5 2.5 1
424 -2.5 -2.5 1
425 -2.5 -5 1
426 -2.5 -5 1
427 -5 2.5 1
428 -5 2.5 1
429 -5 0 1
430 -5 -2.5 1
431 -5 -2.5 1
