1 2.5 2.5 5
2 2.5 2.5 5
3 2.5 0 5
4 -2.5 -2.5 5
5 -5 0 5
6 7.5 0 2.5
7 5 2.5 2.5
8 5 2.5 2.5
9 5 -2.5 2.5
10 5 -2.5 2.5
11 5 -2.5 2.5
12 2.5 5 2.5
13 2.5 5 2.5
14 2.5 -2.5 2.5
15 2.5 -2.5 2.5
16 2.5 -2.5 2.5
17 0 5 2.5
18 0 5 2.5
19 0 5 2.5
20 -2.5 5 2.5
21 -2.5 5 2.5
22 -2.5 -2.5 2.5
23 -2.5 -2.5 2.5
24 -2.5 -2.5 2.5
25 -5 2.5 2.5
26 -5 2.5 2.5
27 -5 0 2.5
28 -5 0 2.5
29 -5 -2.5 2.5
30 -5 -2.5 2.5
31 7.5 2.5 0
32 7.5 2.5 0
33 7.5 0 0
34 7.5 -2.5 0
35 7.5 -2.5 0
36 5 5 0
37 5 5 0
38 5 -2.5 0
39 5 -2.5 0
40 2.5 5 0
41 2.5 5 0
42 0 5 0
43 0 5 0
44 0 5 0
45 -2.5 5 0
46 -2.5 5 0
47 -5 5 0
48 -5 2.5 0
49 -5 2.5 0
50 -5 0 0
51 -5 0 0
52 -5 -2.5 0
53 -5 -2.5 0
