1 7.5 2.5 7.5
2 7.5 2.5 7.5
3 5 5 7.5
4 5 5 7.5
5 5 2.5 7.5
6 5 2.5 7.5
7 2.5 5 7.5
8 2.5 0 7.5
9 2.5 0 7.5
10 2.5 0 7.5
11 0 5 7.5
12 0 2.5 7.5
13 0 2.5 7.5
14 0 2.5 7.5
15 0 0 7.5
16 0 0 7.5
17 0 0 7.5
18 10 5 5
19 10 5 5
20 10 2.5 5
21 10 2.5 5
22 10 2.5 5
23 10 0 5
24 10 0 5
25 10 0 5
26 7.5 7.5 5
27 7.5 7.5 5
28 7.5 7.5 5
29 7.5 5 5
30 7.5 5 5
31 7.5 5 5
32 7.5 -2.5 5
33 7.5 -2.5 5
34 7.5 -2.5 5
35 7.5 -2.5 5
36 5 7.5 5
37 5 7.5 5
38 5 7.5 5
39 5 5 5
40 5 5 5
41 5 5 5
42 5 5 5
43 5 -2.5 5
44 5 -2.5 5
45 5 -2.5 5
46 5 -2.5 5
47 5 -2.5 5
48 2.5 -2.5 5
49 2.5 -2.5 5
50 2.5 -2.5 5
51 2.5 -2.5 5
52 2.5 -2.5 5
53 2.5 -2.5 5
54 0 5 5
55 0 5 5
56 0 5 5
57 0 5 5
58 0 -2.5 5
59 0 -2.5 5
60 0 -2.5 5
61 0 -2.5 5
62 0 -2.5 5
63 0 -2.5 5
64 -2.5 5 5
65 -2.5 5 5
66 -2.5 5 5
67 -2.5 5 5
68 -2.5 2.5 5
69 -2.5 2.5 5
70 -2.5 2.5 5
71 -2.5 2.5 5
72 -2.5 2.5 5
73 -2.5 2.5 5
74 -2.5 0 5
75 -2.5 0 5
76 -2.5 0 5
77 -2.5 0 5
78 -2.5 -2.5 5
79 -2.5 -2.5 5
80 -2.5 -2.5 5
81 -2.5 -2.5 5
82 -2.5 -2.5 5
83 -2.5 -2.5 5
84 -5 5 5
85 -5 5 5
86 -5 5 5
87 -5 5 5
88 -5 2.5 5
89 -5 2.5 5
90 -5 2.5 5
91 -5 2.5 5
92 -5 0 5
93 -5 0 5
94 -5 0 5
95 -5 0 5
96 -7.5 2.5 5
97 -7.5 2.5 5
98 -7.5 2.5 5
99 -7.5 0 5
100 -7.5 0 5
101 -7.5 0 5
102 10 7.5 2.5
103 10 7.5 2.5
104 10 5 2.5
105 10 5 2.5
106 10 2.5 2.5
107 10 2.5 2.5
108 10 2.5 2.5
109 10 0 2.5
110 10 0 2.5
111 10 0 2.5
112 7.5 7.5 2.5
113 7.5 7.5 2.5
114 7.5 7.5 2.5
115 7.5 -2.5 2.5
116 7.5 -2.5 2.5
117 7.5 -2.5 2.5
118 7.5 -2.5 2.5
119 5 -2.5 2.5
120 5 -2.5 2.5
121 5 -2.5 2.5
122 5 -2.5 2.5
123 5 -2.5 2.5
124 5 -2.5 2.5
125 5 -2.5 2.5
126 5 -2.5 2.5
127 2.5 7.5 2.5
128 2.5 7.5 2.5
129 2.5 7.5 2.5
130 2.5 -2.5 2.5
131 2.5 -2.5 2.5
132 2.5 -2.5 2.5
133 2.5 -2.5 2.5
134 2.5 -2.5 2.5
135 2.5 -2.5 2.5
136 2.5 -2.5 2.5
137 2.5 -2.5 2.5
138 -2.5 5 2.5
139 -2.5 5 2.5
140 -2.5 5 2.5
141 -2.5 5 2.5
142 -2.5 -2.5 2.5
143 -2.5 -2.5 2.5
144 -2.5 -2.5 2.5
145 -2.5 -2.5 2.5
146 -2.5 -2.5 2.5
147 -2.5 -2.5 2.5
148 -5 7.5 2.5
149 -5 7.5 2.5
150 -5 -2.5 2.5
151 -5 -2.5 2.5
152 -5 -2.5 2.5
153 -5 -2.5 2.5
154 -7.5 5 2.5
155 -7.5 5 2.5
156 -7.5 -2.5 2.5
157 -7.5 -2.5 2.5
158 -7.5 -2.5 2.5
159 -7.5 -2.5 2.5
160 -10 5 2.5
161 -10 5 2.5
162 -10 2.5 2.5
163 -10 2.5 2.5
164 -10 0 2.5
165 -12.5 2.5 2.5
166 -12.5 2.5 2.5
167 7.5 -2.5 0
168 5 -2.5 0
169 5 -2.5 0
170 2.5 7.5 0
171 -2.5 7.5 0
172 -5 -2.5 0
173 -5 -2.5 0
174 -7.5 -2.5 0
175 -10 -2.5 0
