1 11 -2 7.5
2 11 -2 7.5
3 11 -2 7.5
4 11 -2 7.5
5 9.5 -2 7.5
6 9.5 -2 7.5
7 9.5 -2 7.5
8 9.5 -2 7.5
9 9.5 -2 7.5
10 12.5 2.5 6
11 12.5 2.5 6
12 12.5 2.5 6
13 12.5 2.5 6
14 12.5 1 6
15 12.5 1 6
16 12.5 1 6
17 12.5 1 6
18 12.5 -0.5 6
19 12.5 -0.5 6
20 12.5 -0.5 6
21 12.5 -0.5 6
22 12.5 -0.5 6
23 12.5 -2 6
24 12.5 -2 6
25 12.5 -2 6
26 12.5 -2 6
27 12.5 -3.5 6
28 12.5 -3.5 6
29 12.5 -3.5 6
30 12.5 -3.5 6
31 11 4 6
32 11 4 6
33 11 4 6
34 11 4 6
35 11 2.5 6
36 11 2.5 6
37 11 2.5 6
38 11 2.5 6
39 11 2.5 6
40 11 1 6
41 11 1 6
42 11 1 6
43 11 1 6
44 11 -0.5 6
45 11 -0.5 6
46 11 -0.5 6
47 11 -0.5 6
48 11 -0.5 6
49 11 -2 6
50 11 -2 6
51 11 -2 6
52 11 -2 6
53 11 -3.5 6
54 11 -3.5 6
55 11 -3.5 6
56 11 -3.5 6
57 11 -5 6
58 11 -5 6
59 11 -5 6
60 11 -5 6
61 11 -5 6
62 9.5 4 6
63 9.5 4 6
64 9.5 4 6
65 9.5 4 6
66 9.5 4 6
67 9.5 2.5 6
68 9.5 2.5 6
69 9.5 2.5 6
70 9.5 2.5 6
71 9.5 2.5 6
72 9.5 2.5 6
73 9.5 1 6
74 9.5 1 6
75 9.5 1 6
76 9.5 1 6
77 9.5 1 6
78 9.5 1 6
79 9.5 1 6
80 9.5 1 6
81 9.5 -0.5 6
82 9.5 -0.5 6
83 9.5 -0.5 6
84 9.5 -0.5 6
85 9.5 -0.5 6
86 9.5 -0.5 6
87 9.5 -0.5 6
88 9.5 -2 6
89 9.5 -2 6
90 9.5 -2 6
91 9.5 -2 6
92 9.5 -2 6
93 9.5 -2 6
94 9.5 -2 6
95 9.5 -3.5 6
96 9.5 -3.5 6
97 9.5 -3.5 6
98 9.5 -3.5 6
99 9.5 -3.5 6
100 9.5 -5 6
101 9.5 -5 6
102 9.5 -5 6
103 9.5 -5 6
104 8 2.5 6
105 8 2.5 6
106 8 2.5 6
107 8 2.5 6
108 8 2.5 6
109 8 2.5 6
110 8 1 6
111 8 1 6
112 8 1 6
113 8 1 6
114 8 1 6
115 8 1 6
116 8 1 6
117 8 1 6
118 8 -0.5 6
119 8 -0.5 6
120 8 -0.5 6
121 8 -0.5 6
122 8 -0.5 6
123 8 -0.5 6
124 8 -0.5 6
125 8 -0.5 6
126 8 -2 6
127 8 -2 6
128 8 -2 6
129 8 -2 6
130 8 -2 6
131 8 -2 6
132 8 -2 6
133 8 -2 6
134 8 -3.5 6
135 8 -3.5 6
136 8 -3.5 6
137 8 -3.5 6
138 8 -3.5 6
139 6.5 -0.5 6
140 6.5 -0.5 6
141 6.5 -0.5 6
142 6.5 -0.5 6
143 6.5 -0.5 6
144 6.5 -0.5 6
145 6.5 -0.5 6
146 6.5 -0.5 6
147 5 1 6
148 5 1 6
149 5 1 6
150 5 1 6
151 5 1 6
152 5 1 6
153 5 1 6
154 5 -0.5 6
155 5 -0.5 6
156 5 -0.5 6
157 5 -0.5 6
158 5 -0.5 6
159 5 -0.5 6
160 5 -0.5 6
161 5 -0.5 6
162 3.5 1 6
163 3.5 1 6
164 3.5 1 6
165 3.5 1 6
166 3.5 1 6
167 3.5 1 6
168 3.5 1 6
169 3.5 -0.5 6
170 3.5 -0.5 6
171 3.5 -0.5 6
172 3.5 -0.5 6
173 3.5 -0.5 6
174 3.5 -0.5 6
175 3.5 -0.5 6
176 3.5 -0.5 6
177 2 1 6
178 2 1 6
179 2 1 6
180 2 1 6
181 2 1 6
182 2 1 6
183 2 -0.5 6
184 2 -0.5 6
185 2 -0.5 6
186 2 -0.5 6
187 2 -0.5 6
188 2 -0.5 6
189 2 -2 6
190 2 -2 6
191 2 -2 6
192 2 -2 6
193 2 -2 6
194 2 -2 6
195 0.5 1 6
196 0.5 1 6
197 0.5 1 6
198 0.5 1 6
199 0.5 1 6
200 0.5 1 6
201 0.5 -0.5 6
202 0.5 -0.5 6
203 0.5 -0.5 6
204 0.5 -0.5 6
205 0.5 -0.5 6
206 0.5 -2 6
207 0.5 -2 6
208 0.5 -2 6
209 0.5 -2 6
210 0.5 -2 6
211 0.5 -2 6
212 -1 1 6
213 -1 1 6
214 -1 1 6
215 -1 1 6
216 -1 -0.5 6
217 -1 -0.5 6
218 -1 -0.5 6
219 -1 -2 6
220 -1 -2 6
221 -1 -2 6
222 -1 -2 6
223 -1 -2 6
224 -2.5 -0.5 6
225 -2.5 -0.5 6
226 -2.5 -0.5 6
227 12.5 4 4.5
228 12.5 4 4.5
229 12.5 4 4.5
230 12.5 2.5 4.5
231 12.5 2.5 4.5
232 12.5 2.5 4.5
233 12.5 2.5 4.5
234 12.5 1 4.5
235 12.5 1 4.5
236 12.5 1 4.5
237 12.5 1 4.5
238 12.5 -0.5 4.5
239 12.5 -0.5 4.5
240 12.5 -0.5 4.5
241 12.5 -0.5 4.5
242 12.5 -0.5 4.5
243 12.5 -2 4.5
244 12.5 -2 4.5
245 12.5 -2 4.5
246 12.5 -2 4.5
247 12.5 -3.5 4.5
248 12.5 -3.5 4.5
249 12.5 -3.5 4.5
250 12.5 -3.5 4.5
251 12.5 -5 4.5
252 12.5 -5 4.5
253 12.5 -5 4.5
254 11 4 4.5
255 11 4 4.5
256 11 4 4.5
257 11 4 4.5
258 11 4 4.5
259 11 -0.5 4.5
260 11 -0.5 4.5
261 11 -0.5 4.5
262 11 -0.5 4.5
263 11 -0.5 4.5
264 11 -0.5 4.5
265 11 -0.5 4.5
266 11 -3.5 4.5
267 11 -3.5 4.5
268 11 -3.5 4.5
269 11 -3.5 4.5
270 11 -3.5 4.5
271 11 -5 4.5
272 11 -5 4.5
273 11 -5 4.5
274 9.5 5.5 4.5
275 9.5 5.5 4.5
276 9.5 5.5 4.5
277 9.5 5.5 4.5
278 9.5 4 4.5
279 9.5 4 4.5
280 9.5 4 4.5
281 9.5 4 4.5
282 9.5 4 4.5
283 9.5 4 4.5
284 9.5 -0.5 4.5
285 9.5 -0.5 4.5
286 9.5 -0.5 4.5
287 9.5 -0.5 4.5
288 9.5 -0.5 4.5
289 9.5 -0.5 4.5
290 9.5 -0.5 4.5
291 9.5 -0.5 4.5
292 9.5 -3.5 4.5
293 9.5 -3.5 4.5
294 9.5 -3.5 4.5
295 9.5 -3.5 4.5
296 9.5 -3.5 4.5
297 9.5 -3.5 4.5
298 9.5 -5 4.5
299 9.5 -5 4.5
300 9.5 -5 4.5
301 9.5 -5 4.5
302 9.5 -5 4.5
303 9.5 -6.5 4.5
304 9.5 -6.5 4.5
305 9.5 -6.5 4.5
306 9.5 -6.5 4.5
307 8 7 4.5
308 8 7 4.5
309 8 7 4.5
310 8 5.5 4.5
311 8 5.5 4.5
312 8 5.5 4.5
313 8 5.5 4.5
314 8 4 4.5
315 8 4 4.5
316 8 4 4.5
317 8 4 4.5
318 8 4 4.5
319 8 4 4.5
320 8 2.5 4.5
321 8 2.5 4.5
322 8 2.5 4.5
323 8 2.5 4.5
324 8 2.5 4.5
325 8 2.5 4.5
326 8 2.5 4.5
327 8 2.5 4.5
328 8 1 4.5
329 8 1 4.5
330 8 1 4.5
331 8 1 4.5
332 8 1 4.5
333 8 1 4.5
334 8 1 4.5
335 8 1 4.5
336 8 -0.5 4.5
337 8 -0.5 4.5
338 8 -0.5 4.5
339 8 -0.5 4.5
340 8 -0.5 4.5
341 8 -0.5 4.5
342 8 -0.5 4.5
343 8 -0.5 4.5
344 8 -2 4.5
345 8 -2 4.5
346 8 -2 4.5
347 8 -2 4.5
348 8 -2 4.5
349 8 -2 4.5
350 8 -2 4.5
351 8 -2 4.5
352 8 -3.5 4.5
353 8 -3.5 4.5
354 8 -3.5 4.5
355 8 -3.5 4.5
356 8 -3.5 4.5
357 8 -3.5 4.5
358 8 -3.5 4.5
359 8 -5 4.5
360 8 -5 4.5
361 8 -5 4.5
362 8 -5 4.5
363 8 -5 4.5
364 8 -5 4.5
365 8 -6.5 4.5
366 8 -6.5 4.5
367 8 -6.5 4.5
368 8 -6.5 4.5
369 6.5 7 4.5
370 6.5 7 4.5
371 6.5 7 4.5
372 6.5 5.5 4.5
373 6.5 5.5 4.5
374 6.5 5.5 4.5
375 6.5 5.5 4.5
376 6.5 4 4.5
377 6.5 4 4.5
378 6.5 4 4.5
379 6.5 4 4.5
380 6.5 4 4.5
381 6.5 2.5 4.5
382 6.5 2.5 4.5
383 6.5 2.5 4.5
384 6.5 2.5 4.5
385 6.5 2.5 4.5
386 6.5 2.5 4.5
387 6.5 2.5 4.5
388 6.5 2.5 4.5
389 6.5 1 4.5
390 6.5 1 4.5
391 6.5 1 4.5
392 6.5 1 4.5
393 6.5 1 4.5
394 6.5 1 4.5
395 6.5 1 4.5
396 6.5 1 4.5
397 6.5 -0.5 4.5
398 6.5 -0.5 4.5
399 6.5 -0.5 4.5
400 6.5 -0.5 4.5
401 6.5 -0.5 4.5
402 6.5 -0.5 4.5
403 6.5 -0.5 4.5
404 6.5 -0.5 4.5
405 6.5 -2 4.5
406 6.5 -2 4.5
407 6.5 -2 4.5
408 6.5 -2 4.5
409 6.5 -2 4.5
410 6.5 -2 4.5
411 6.5 -2 4.5
412 6.5 -2 4.5
413 6.5 -3.5 4.5
414 6.5 -3.5 4.5
415 6.5 -3.5 4.5
416 6.5 -3.5 4.5
417 6.5 -3.5 4.5
418 6.5 -3.5 4.5
419 6.5 -3.5 4.5
420 6.5 -3.5 4.5
421 6.5 -5 4.5
422 6.5 -5 4.5
423 6.5 -5 4.5
424 6.5 -5 4.5
425 6.5 -5 4.5
426 6.5 -6.5 4.5
427 6.5 -6.5 4.5
428 6.5 -6.5 4.5
429 5 5.5 4.5
430 5 5.5 4.5
431 5 5.5 4.5
432 5 5.5 4.5
433 5 4 4.5
434 5 4 4.5
435 5 4 4.5
436 5 4 4.5
437 5 4 4.5
438 5 2.5 4.5
439 5 2.5 4.5
440 5 2.5 4.5
441 5 2.5 4.5
442 5 2.5 4.5
443 5 2.5 4.5
444 5 2.5 4.5
445 5 1 4.5
446 5 1 4.5
447 5 1 4.5
448 5 1 4.5
449 5 1 4.5
450 5 1 4.5
451 5 1 4.5
452 5 1 4.5
453 5 -0.5 4.5
454 5 -0.5 4.5
455 5 -0.5 4.5
456 5 -0.5 4.5
457 5 -0.5 4.5
458 5 -0.5 4.5
459 5 -0.5 4.5
460 5 -0.5 4.5
461 5 -2 4.5
462 5 -2 4.5
463 5 -2 4.5
464 5 -2 4.5
465 5 -2 4.5
466 5 -2 4.5
467 5 -2 4.5
468 5 -3.5 4.5
469 5 -3.5 4.5
470 5 -3.5 4.5
471 5 -3.5 4.5
472 5 -3.5 4.5
473 5 -3.5 4.5
474 5 -3.5 4.5
475 5 -5 4.5
476 5 -5 4.5
477 5 -5 4.5
478 5 -5 4.5
479 5 -5 4.5
480 5 -6.5 4.5
481 5 -6.5 4.5
482 5 -6.5 4.5
483 5 -6.5 4.5
484 3.5 4 4.5
485 3.5 4 4.5
486 3.5 4 4.5
487 3.5 4 4.5
488 3.5 4 4.5
489 3.5 2.5 4.5
490 3.5 2.5 4.5
491 3.5 2.5 4.5
492 3.5 2.5 4.5
493 3.5 2.5 4.5
494 3.5 2.5 4.5
495 3.5 1 4.5
496 3.5 1 4.5
497 3.5 1 4.5
498 3.5 1 4.5
499 3.5 1 4.5
500 3.5 1 4.5
501 3.5 1 4.5
502 3.5 1 4.5
503 3.5 -0.5 4.5
504 3.5 -0.5 4.5
505 3.5 -0.5 4.5
506 3.5 -0.5 4.5
507 3.5 -0.5 4.5
508 3.5 -0.5 4.5
509 3.5 -0.5 4.5
510 3.5 -0.5 4.5
511 3.5 -2 4.5
512 3.5 -2 4.5
513 3.5 -2 4.5
514 3.5 -2 4.5
515 3.5 -2 4.5
516 3.5 -2 4.5
517 3.5 -2 4.5
518 3.5 -3.5 4.5
519 3.5 -3.5 4.5
520 3.5 -3.5 4.5
521 3.5 -3.5 4.5
522 3.5 -3.5 4.5
523 3.5 -3.5 4.5
524 3.5 -5 4.5
525 3.5 -5 4.5
526 3.5 -5 4.5
527 3.5 -5 4.5
528 3.5 -5 4.5
529 2 2.5 4.5
530 2 2.5 4.5
531 2 2.5 4.5
532 2 2.5 4.5
533 2 2.5 4.5
534 2 2.5 4.5
535 2 1 4.5
536 2 1 4.5
537 2 1 4.5
538 2 1 4.5
539 2 1 4.5
540 2 1 4.5
541 2 -0.5 4.5
542 2 -0.5 4.5
543 2 -0.5 4.5
544 2 -0.5 4.5
545 2 -0.5 4.5
546 2 -0.5 4.5
547 2 -0.5 4.5
548 2 -2 4.5
549 2 -2 4.5
550 2 -2 4.5
551 2 -2 4.5
552 2 -2 4.5
553 2 -2 4.5
554 2 -3.5 4.5
555 2 -3.5 4.5
556 2 -3.5 4.5
557 2 -3.5 4.5
558 2 -3.5 4.5
559 2 -3.5 4.5
560 0.5 2.5 4.5
561 0.5 2.5 4.5
562 0.5 2.5 4.5
563 0.5 2.5 4.5
564 0.5 2.5 4.5
565 0.5 1 4.5
566 0.5 1 4.5
567 0.5 1 4.5
568 0.5 1 4.5
569 0.5 1 4.5
570 0.5 1 4.5
571 0.5 -0.5 4.5
572 0.5 -0.5 4.5
573 0.5 -0.5 4.5
574 0.5 -0.5 4.5
575 0.5 -0.5 4.5
576 0.5 -0.5 4.5
577 0.5 -0.5 4.5
578 0.5 -2 4.5
579 0.5 -2 4.5
580 0.5 -2 4.5
581 0.5 -2 4.5
582 0.5 -2 4.5
583 0.5 -2 4.5
584 0.5 -3.5 4.5
585 0.5 -3.5 4.5
586 0.5 -3.5 4.5
587 0.5 -3.5 4.5
588 0.5 -3.5