1 15.5 2.5 7.5
2 15.5 2.5 7.5
3 15.5 2.5 7.5
4 15.5 2.5 7.5
5 15.5 1 7.5
6 15.5 1 7.5
7 15.5 1 7.5
8 15.5 1 7.5
9 15.5 -0.5 7.5
10 15.5 -0.5 7.5
11 15.5 -0.5 7.5
12 15.5 -0.5 7.5
13 15.5 -2 7.5
14 15.5 -2 7.5
15 15.5 -2 7.5
16 15.5 -2 7.5
17 15.5 -3.5 7.5
18 15.5 -3.5 7.5
19 15.5 -3.5 7.5
20 15.5 -3.5 7.5
21 14 4 7.5
22 14 4 7.5
23 14 4 7.5
24 14 4 7.5
25 14 2.5 7.5
26 14 2.5 7.5
27 14 2.5 7.5
28 14 2.5 7.5
29 14 2.5 7.5
30 14 1 7.5
31 14 1 7.5
32 14 1 7.5
33 14 1 7.5
34 14 1 7.5
35 14 1 7.5
36 14 -0.5 7.5
37 14 -0.5 7.5
38 14 -0.5 7.5
39 14 -0.5 7.5
40 14 -0.5 7.5
41 14 -0.5 7.5
42 14 -2 7.5
43 14 -2 7.5
44 14 -2 7.5
45 14 -2 7.5
46 14 -2 7.5
47 14 -3.5 7.5
48 14 -3.5 7.5
49 14 -3.5 7.5
50 14 -3.5 7.5
51 12.5 4 7.5
52 12.5 4 7.5
53 12.5 4 7.5
54 12.5 4 7.5
55 12.5 2.5 7.5
56 12.5 2.5 7.5
57 12.5 2.5 7.5
58 12.5 2.5 7.5
59 12.5 1 7.5
60 12.5 1 7.5
61 12.5 1 7.5
62 12.5 1 7.5
63 12.5 1 7.5
64 12.5 1 7.5
65 12.5 1 7.5
66 12.5 -0.5 7.5
67 12.5 -0.5 7.5
68 12.5 -0.5 7.5
69 12.5 -0.5 7.5
70 12.5 -0.5 7.5
71 12.5 -0.5 7.5
72 12.5 -0.5 7.5
73 12.5 -2 7.5
74 12.5 -2 7.5
75 12.5 -2 7.5
76 12.5 -2 7.5
77 12.5 -3.5 7.5
78 12.5 -3.5 7.5
79 12.5 -3.5 7.5
80 12.5 -3.5 7.5
81 11 4 7.5
82 11 4 7.5
83 11 4 7.5
84 11 4 7.5
85 11 4 7.5
86 11 2.5 7.5
87 11 2.5 7.5
88 11 2.5 7.5
89 11 2.5 7.5
90 11 2.5 7.5
91 11 1 7.5
92 11 1 7.5
93 11 1 7.5
94 11 1 7.5
95 11 1 7.5
96 11 1 7.5
97 11 1 7.5
98 11 1 7.5
99 11 -0.5 7.5
100 11 -0.5 7.5
101 11 -0.5 7.5
102 11 -0.5 7.5
103 11 -0.5 7.5
104 11 -0.5 7.5
105 11 -0.5 7.5
106 11 -0.5 7.5
107 11 -2 7.5
108 11 -2 7.5
109 11 -2 7.5
110 11 -2 7.5
111 11 -2 7.5
112 11 -3.5 7.5
113 11 -3.5 7.5
114 11 -3.5 7.5
115 11 -3.5 7.5
116 11 -3.5 7.5
117 9.5 2.5 7.5
118 9.5 2.5 7.5
119 9.5 2.5 7.5
120 9.5 2.5 7.5
121 9.5 2.5 7.5
122 9.5 2.5 7.5
123 9.5 1 7.5
124 9.5 1 7.5
125 9.5 1 7.5
126 9.5 1 7.5
127 9.5 1 7.5
128 9.5 1 7.5
129 9.5 1 7.5
130 9.5 -0.5 7.5
131 9.5 -0.5 7.5
132 9.5 -0.5 7.5
133 9.5 -0.5 7.5
134 9.5 -0.5 7.5
135 9.5 -0.5 7.5
136 9.5 -0.5 7.5
137 9.5 -0.5 7.5
138 9.5 -2 7.5
139 9.5 -2 7.5
140 9.5 -2 7.5
141 9.5 -2 7.5
142 9.5 -2 7.5
143 9.5 -2 7.5
144 17 2.5 6
145 17 2.5 6
146 17 2.5 6
147 17 2.5 6
148 17 1 6
149 17 1 6
150 17 1 6
151 17 1 6
152 17 -0.5 6
153 17 -0.5 6
154 17 -0.5 6
155 17 -0.5 6
156 17 -0.5 6
157 17 -2 6
158 17 -2 6
159 17 -2 6
160 17 -2 6
161 17 -3.5 6
162 17 -3.5 6
163 17 -3.5 6
164 17 -3.5 6
165 15.5 4 6
166 15.5 4 6
167 15.5 4 6
168 15.5 4 6
169 15.5 2.5 6
170 15.5 2.5 6
171 15.5 2.5 6
172 15.5 2.5 6
173 15.5 1 6
174 15.5 1 6
175 15.5 1 6
176 15.5 1 6
177 15.5 -0.5 6
178 15.5 -0.5 6
179 15.5 -0.5 6
180 15.5 -0.5 6
181 15.5 -0.5 6
182 15.5 -2 6
183 15.5 -2 6
184 15.5 -2 6
185 15.5 -2 6
186 15.5 -3.5 6
187 15.5 -3.5 6
188 15.5 -3.5 6
189 15.5 -3.5 6
190 15.5 -5 6
191 15.5 -5 6
192 15.5 -5 6
193 14 4 6
194 14 4 6
195 14 4 6
196 14 4 6
197 14 4 6
198 14 -3.5 6
199 14 -3.5 6
200 14 -3.5 6
201 14 -3.5 6
202 14 -3.5 6
203 14 -5 6
204 14 -5 6
205 14 -5 6
206 14 -5 6
207 12.5 4 6
208 12.5 4 6
209 12.5 4 6
210 12.5 4 6
211 12.5 4 6
212 12.5 -3.5 6
213 12.5 -3.5 6
214 12.5 -3.5 6
215 12.5 -3.5 6
216 12.5 -3.5 6
217 12.5 -3.5 6
218 12.5 -5 6
219 12.5 -5 6
220 12.5 -5 6
221 12.5 -5 6
222 11 4 6
223 11 4 6
224 11 4 6
225 11 4 6
226 11 4 6
227 11 -3.5 6
228 11 -3.5 6
229 11 -3.5 6
230 11 -3.5 6
231 11 -3.5 6
232 11 -5 6
233 11 -5 6
234 11 -5 6
235 11 -5 6
236 9.5 4 6
237 9.5 4 6
238 9.5 4 6
239 9.5 4 6
240 9.5 4 6
241 9.5 2.5 6
242 9.5 2.5 6
243 9.5 2.5 6
244 9.5 2.5 6
245 9.5 2.5 6
246 9.5 2.5 6
247 9.5 1 6
248 9.5 1 6
249 9.5 1 6
250 9.5 1 6
251 9.5 1 6
252 9.5 1 6
253 9.5 1 6
254 9.5 1 6
255 9.5 -0.5 6
256 9.5 -0.5 6
257 9.5 -0.5 6
258 9.5 -0.5 6
259 9.5 -0.5 6
260 9.5 -0.5 6
261 9.5 -0.5 6
262 9.5 -0.5 6
263 9.5 -2 6
264 9.5 -2 6
265 9.5 -2 6
266 9.5 -2 6
267 9.5 -2 6
268 9.5 -2 6
269 9.5 -2 6
270 9.5 -3.5 6
271 9.5 -3.5 6
272 9.5 -3.5 6
273 9.5 -3.5 6
274 9.5 -3.5 6
275 8 1 6
276 8 1 6
277 8 1 6
278 8 1 6
279 8 1 6
280 8 1 6
281 8 1 6
282 8 1 6
283 8 -0.5 6
284 8 -0.5 6
285 8 -0.5 6
286 8 -0.5 6
287 8 -0.5 6
288 8 -0.5 6
289 8 -0.5 6
290 8 -0.5 6
291 6.5 1 6
292 6.5 1 6
293 6.5 1 6
294 6.5 1 6
295 6.5 1 6
296 6.5 1 6
297 6.5 -0.5 6
298 6.5 -0.5 6
299 6.5 -0.5 6
300 6.5 -0.5 6
301 6.5 -0.5 6
302 6.5 -0.5 6
303 6.5 -0.5 6
304 5 1 6
305 5 1 6
306 5 1 6
307 5 1 6
308 5 1 6
309 5 -0.5 6
310 5 -0.5 6
311 5 -0.5 6
312 5 -0.5 6
313 5 -0.5 6
314 3.5 1 6
315 3.5 1 6
316 3.5 1 6
317 3.5 1 6
318 3.5 1 6
319 3.5 -0.5 6
320 3.5 -0.5 6
321 3.5 -0.5 6
322 3.5 -0.5 6
323 2 1 6
324 2 1 6
325 2 1 6
326 2 -0.5 6
327 2 -0.5 6
328 2 -0.5 6
329 17 4 4.5
330 17 4 4.5
331 17 4 4.5
332 17 2.5 4.5
333 17 2.5 4.5
334 17 2.5 4.5
335 17 2.5 4.5
336 17 1 4.5
337 17 1 4.5
338 17 1 4.5
339 17 1 4.5
340 17 -0.5 4.5
341 17 -0.5 4.5
342 17 -0.5 4.5
343 17 -0.5 4.5
344 17 -2 4.5
345 17 -2 4.5
346 17 -2 4.5
347 17 -2 4.5
348 17 -3.5 4.5
349 17 -3.5 4.5
350 17 -3.5 4.5
351 17 -3.5 4.5
352 15.5 5.5 4.5
353 15.5 5.5 4.5
354 15.5 5.5 4.5
355 15.5 4 4.5
356 15.5 4 4.5
357 15.5 4 4.5
358 15.5 4 4.5
359 15.5 -3.5 4.5
360 15.5 -3.5 4.5
361 15.5 -3.5 4.5
362 15.5 -3.5 4.5
363 15.5 -5 4.5
364 15.5 -5 4.5
365 15.5 -5 4.5
366 14 5.5 4.5
367 14 5.5 4.5
368 14 5.5 4.5
369 14 5.5 4.5
370 14 4 4.5
371 14 4 4.5
372 14 4 4.5
373 14 4 4.5
374 14 4 4.5
375 14 -5 4.5
376 14 -5 4.5
377 14 -5 4.5
378 14 -5 4.5
379 12.5 7 4.5
380 12.5 7 4.5
381 12.5 7 4.5
382 12.5 5.5 4.5
383 12.5 5.5 4.5
384 12.5 5.5 4.5
385 12.5 5.5 4.5
386 12.5 4 4.5
387 12.5 4 4.5
388 12.5 4 4.5
389 12.5 4 4.5
390 12.5 4 4.5
391 12.5 4 4.5
392 12.5 -5 4.5
393 12.5 -5 4.5
394 12.5 -5 4.5
395 12.5 -5 4.5
396 12.5 -6.5 4.5
397 12.5 -6.5 4.5
398 12.5 -6.5 4.5
399 12.5 -6.5 4.5
400 11 7 4.5
401 11 7 4.5
402 11 7 4.5
403 11 5.5 4.5
404 11 5.5 4.5
405 11 5.5 4.5
406 11 5.5 4.5
407 11 4 4.5
408 11 4 4.5
409 11 4 4.5
410 11 4 4.5
411 11 4 4.5
412 11 -3.5 4.5
413 11 -3.5 4.5
414 11 -3.5 4.5
415 11 -3.5 4.5
416 11 -3.5 4.5
417 11 -3.5 4.5
418 11 -3.5 4.5
419 11 -5 4.5
420 11 -5 4.5
421 11 -5 4.5
422 11 -5 4.5
423 11 -5 4.5
424 11 -6.5 4.5
425 11 -6.5 4.5
426 11 -6.5 4.5
427 9.5 7 4.5
428 9.5 7 4.5
429 9.5 7 4.5
430 9.5 5.5 4.5
431 9.5 5.5 4.5
432 9.5 5.5 4.5
433 9.5 5.5 4.5
434 9.5 4 4.5
435 9.5 4 4.5
436 9.5 4 4.5
437 9.5 4 4.5
438 9.5 4 4.5
439 9.5 4 4.5
440 9.5 2.5 4.5
441 9.5 2.5 4.5
442 9.5 2.5 4.5
443 9.5 2.5 4.5
444 9.5 2.5 4.5
445 9.5 2.5 4.5
446 9.5 2.5 4.5
447 9.5 1 4.5
448 9.5 1 4.5
449 9.5 1 4.5
450 9.5 1 4.5
451 9.5 1 4.5
452 9.5 1 4.5
453 9.5 1 4.5
454 9.5 1 4.5
455 9.5 -0.5 4.5
456 9.5 -0.5 4.5
457 9.5 -0.5 4.5
458 9.5 -0.5 4.5
459 9.5 -0.5 4.5
460 9.5 -0.5 4.5
461 9.5 -0.5 4.5
462 9.5 -0.5 4.5
463 9.5 -2 4.5
464 9.5 -2 4.5
465 9.5 -2 4.5
466 9.5 -2 4.5
467 9.5 -2 4.5
468 9.5 -2 4.5
469 9.5 -2 4.5
470 9.5 -3.5 4.5
471 9.5 -3.5 4.5
472 9.5 -3.5 4.5
473 9.5 -3.5 4.5
474 9.5 -3.5 4.5
475 9.5 -3.5 4.5
476 9.5 -3.5 4.5
477 9.5 -5 4.5
478 9.5 -5 4.5
479 9.5 -5 4.5
480 9.5 -5 4.5
481 9.5 -6.5 4.5
482 9.5 -6.5 4.5
483 9.5 -6.5 4.5
484 9.5 -6.5 4.5
485 8 5.5 4.5
486 8 5.5 4.5
487 8 5.5 4.5
488 8 5.5 4.5
489 8 4 4.5
490 8 4 4.5
491 8 4 4.5
492 8 4 4.5
493 8 4 4.5
494 8 2.5 4.5
495 8 2.5 4.5
496 8 2.5 4.5
497 8 2.5 4.5
498 8 2.5 4.5
499 8 2.5 4.5
500 8 1 4.5
501 8 1 4.5
502 8 1 4.5
503 8 1 4.5
504 8 1 4.5
505 8 1 4.5
506 8 1 4.5
507 8 1 4.5
508 8 -0.5 4.5
509 8 -0.5 4.5
510 8 -0.5 4.5
511 8 -0.5 4.5
512 8 -0.5 4.5
513 8 -0.5 4.5
514 8 -0.5 4.5
515 8 -0.5 4.5
516 8 -2 4.5
517 8 -2 4.5
518 8 -2 4.5
519 8 -2 4.5
520 8 -2 4.5
521 8 -2 4.5
522 8 -2 4.5
523 8 -3.5 4.5
524 8 -3.5 4.5
525 8 -3.5 4.5
526 8 -3.5 4.5
527 8 -3.5 4.5
528 8 -3.5 4.5
529 8 -5 4.5
530 8 -5 4.5
531 8 -5 4.5
532 8 -5 4.5
533 6.5 2.5 4.5
534 6.5 2.5 4.5
535 6.5 2.5 4.5
536 6.5 2.5 4.5
537 6.5 2.5 4.5
538 6.5 2.5 4.5
539 6.5 1 4.5
540 6.5 1 4.5
541 6.5 1 4.5
542 6.5 1 4.5
543 6.5 1 4.5
544 6.5 1 4.5
545 6.5 1 4.5
546 6.5 -0.5 4.5
547 6.5 -0.5 4.5
548 6.5 -0.5 4.5
549 6.5 -0.5 4.5
550 6.5 -0.5 4.5
551 6.5 -0.5 4.5
552 6.5 -0.5 4.5
553 6.5 -2 4.5
554 6.5 -2 4.5
555 6.5 -2 4.5
556 6.5 -2 4.5
557 6.5 -2 4.5
558 6.5 -2 4.5
559 6.5 -3.5 4.5
560 6.5 -3.5 4.5
561 6.5 -3.5 4.5
562 6.5 -3.5 4.5
563 6.5 -3.5 4.5
564 6.5 -3.5 4.5
565 5 2.5 4.5
566 5 2.5 4.5
567 5 2.5 4.5
568 5 2.5 4.5
569 5 2.5 4.5
570 5 2.5 4.5
571 5 1 4.5
572 5 1 4.5
573 5 1 4.5
574 5 1 4.5
575 5 1 4.5
576 5 1 4.5
577 5 -0.5 4.5
578 5 -0.5 4.5
579 5 -0.5 4.5
580 5 -0.5 4.5
581 5 -0.5 4.5
582 5 -0.5 4.5
583 5 -2 4.5
584 5 -2 4.5
585 5 -2 4.5
586 5 -2 4.5
587 5 -2 4.5
588 5 -2 4.5
589 5 -3.5 4.5
590 5 -3.5 4.5
591 5 -3.5 4.5
592 5 -3.5 4.5
593 5 -3.5 4.5
594 3.5 2.5 4.5
595 3.5 2.5 4.5
596 3.5 2.5 4.5
597 3.5 2.5 4.5
598 3.5 2.5 4.5
599 3.5 1 4.5
600 3.5 1 4.5
601 3.5 1 4.5
602 3.5 1 4.5
603 3.5 1 4.5
604 3.5 1 4.5
605 3.5 -0.5 4.5
606 3.5 -0.5 4.5
607 3.5 -0.5 4.5
608 3.5 -0.5 4.5
609 3.5 -0.5 4.5
610 3.5 -0.5 4.5
611 3.5 -2 4.5
612 3.5 -2 4.5
613 3.5 -2 4.5
614 3.5 -2 4.5
615 3.5 -2 4.5
616 3.5 -2 4.5
617 2 2.5 4.5
618 2 2.5 4.5
619 2 2.5 4.5
620 2 2.5 4.5
621 2 1 4.5
622 2 1 4.5
623 2 1 4.5
624 2 1 4.5
625 2 1 4.5
626 2 1 4.5
627 2 -0.5 4.5
628 2 -0.5 4.5
629 2 -0.5 4.5
630 2 -0.5 4.5
631 2 -2 4.5
632 2 -2 4.5
633 2 -2 4.5
634 2 -2 4.5
635 0.5 1 4.5
636 0.5 1 4.5
637 0.5 -0.5 4.5
638 0.5 -0.5 4.5
639 0.5 -0.5 4.5
640 0.5 -2 4.5
641 0.5 -2 4.5
642 0.5 -2 4.5
643 -1 1 4.5
644 -1 1 4.5
645 -1 -0.5 4.5
646 -1 -0.5 4.5
647 18.5 1 3
648 18.5 1 3
649 18.5 1 3
650 18.5 -0.5 3
651 18.5 -0.5 3
652 18.5 -0.5 3
653 17 5.5 3
654 17 5.5 3
655 17 4 3
656 17 4 3
657 17 4 3
658 17 2.5 3
659 17 2.5 3
660 17 2.5 3
661 17 2.5 3
662 17 1 3
663 17 1 3
664 17 1 3
665 17 -0.5 3
666 17 -0.5 3
667 17 -0.5 3
668 17 -2 3
669 17 -2 3
670 17 -2 3
671 17 -2 3
672 17 -3.5 3
673 17 -3.5 3
674 17 -3.5 3
675 17 -5 3
676 17 -5 3
677 17 -5 3
678 15.5 5.5 3
679 15.5 5.5 3
680 15.5 5.5 3
681 15.5 -5 3
682 15.5 -5 3
683 15.5 -5 3
684 14 5.5 3
685 14 5.5 3
686 14 5.5 3
687 14 5.5 3
688 14 -5 3
689 14 -5 3
690 14 -5 3
691 14 -5 3
692 14 -6.5 3
693 14 -6.5 3
694 14 -6.5 3
695 12.5 7 3
696 12.5 7 3
697 12.5 5.5 3
698 12.5 5.5 3
699 12.5 5.5 3
700 12.5 5.5 3
701 12.5 -5 3
702 12.5 -5 3
703 12.5 -5 3
704 12.5 -5 3
705 12.5 -6.5 3
706 12.5 -6.5 3
707 12.5 -6.5 3
708 12.5 -8 3
709 12.5 -8 3
710 11 7 3
711 11 7 3
712 11 7 3
713 11 -6.5 3
714 11 -6.5 3
715 11 -6.5 3
716 11 -8 3
717 11 -8 3
718 11 -8 3
719 9.5 7 3
720 9.5 7 3
721 9.5 7 3
722 9.5 -6.5 3
723 9.5 -6.5 3
724 9.5 -6.5 3
725 9.5 -8 3
726 9.5 -8 3
727 9.5 -8 3
728 8 7 3
729 8 7 3
730 8 7 3
731 8 5.5 3
732 8 5.5 3
733 8 5.5 3
734 8 5.5 3
735 8 4 3
736 8 4 3
737 8 4 3
738 8 4 3
739 8 4 3
740 8 -5 3
741 8 -5 3
742 8 -5 3
743 8 -5 3
744 8 -6.5 3
745 8 -6.5 3
746 8 -6.5 3
747 8 -6.5 3
748 6.5 4 3
749 6.5 4 3
750 6.5 4 3
751 6.5 4 3
752 6.5 4 3
753 6.5 -3.5 3
754 6.5 -3.5 3
755 6.5 -3.5 3
756 6.5 -3.5 3
757 6.5 -3.5 3
758 6.5 -5 3
759 6.5 -5 3
760 6.5 -5 3
761 6.5 -5 3
762 5 4 3
763 5 4 3
764 5 4 3
765 5 4 3
766 5 2.5 3
767 5 2.5 3
768 5 2.5 3
769 5 2.5 3
770 5 2.5 3
771 5 -3.5 3
772 5 -3.5 3
773 5 -3.5 3
774 5 -3.5 3
775 3.5 4 3
776 3.5 4 3
777 3.5 4 3
778 3.5 4 3
779 3.5 2.5 3
780 3.5 2.5 3
781 3.5 2.5 3
782 3.5 2.5 3
783 3.5 -2 3
784 3.5 -2 3
785 3.5 -2 3
786 3.5 -2 3
787 3.5 -3.5 3
788 3.5 -3.5 3
789 3.5 -3.5 3
790 3.5 -3.5 3
791 2 2.5 3
792 2 2.5 3
793 2 2.5 3
794 2 2.5 3
795 2 -2 3
796 2 -2 3
797 2 -2 3
798 2 -2 3
799 2 -3.5 3
800 2 -3.5 3
801 2 -3.5 3
802 2 -3.5 3
803 0.5 2.5 3
804 0.5 2.5 3
805 0.5 2.5 3
806 0.5 -2 3
807 0.5 -2 3
808 0.5 -2 3
809 -1 2.5 3
810 -1 2.5 3
811 -1 2.5 3
812 -1 1 3
813 -1 1 3
814 -1 -0.5 3
815 -1 -0.5 3
816 -1 -2 3
817 -1 -2 3
818 -1 -2 3
819 -2.5 1 3
820 -2.5 1 3
821 -2.5 -0.5 3
822 17 -0.5 1.5
823 15.5 5.5 1.5
824 15.5 4 1.5
825 15.5 4 1.5
826 15.5 -3.5 1.5
827 15.5 -5 1.5
828 15.5 -5 1.5
829 14 5.5 1.5
830 14 4 1.5
831 14 4 1.5
832 14 -5 1.5
833 14 -6.5 1.5
834 12.5 7 1.5
835 12.5 7 1.5
836 12.5 5.5 1.5
837 12.5 4 1.5
838 12.5 4 1.5
839 12.5 -5 1.5
840 12.5 -6.5 1.5
841 12.5 -6.5 1.5
842 11 7 1.5
843 11 -6.5 1.5
844 11 -6.5 1.5
845 11 -8 1.5
846 9.5 7 1.5
847 9.5 5.5 1.5
848 9.5 -6.5 1.5
849 9.5 -8 1.5
850 8 7 1.5
851 8 7 1.5
852 8 5.5 1.5
853 8 5.5 1.5
854 8 5.5 1.5
855 8 4 1.5
856 8 4 1.5
857 8 4 1.5
858 8 -3.5 1.5
859 8 -3.5 1.5
860 8 -3.5 1.5
861 8 -3.5 1.5
862 8 -5 1.5
863 8 -5 1.5
864 8 -5 1.5
865 8 -6.5 1.5
866 8 -6.5 1.5
867 6.5 4 1.5
868 6.5 4 1.5
869 6.5 4 1.5
870 6.5 4 1.5
871 6.5 2.5 1.5
872 6.5 2.5 1.5
873 6.5 2.5 1.5
874 6.5 -3.5 1.5
875 6.5 -3.5 1.5
876 6.5 -3.5 1.5
877 6.5 -5 1.5
878 6.5 -5 1.5
879 6.5 -5 1.5
880 5 4 1.5
881 5 4 1.5
882 5 4 1.5
883 5 4 1.5
884 5 2.5 1.5
885 5 2.5 1.5
886 5 2.5 1.5
887 5 2.5 1.5
888 5 -3.5 1.5
889 5 -3.5 1.5
890 5 -3.5 1.5
891 5 -3.5 1.5
892 3.5 4 1.5
893 3.5 4 1.5
894 3.5 4 1.5
895 3.5 2.5 1.5
896 3.5 2.5 1.5
897 3.5 2.5 1.5
898 3.5 -2 1.5
899 3.5 -2 1.5
900 3.5 -2 1.5
901 3.5 -3.5 1.5
902 3.5 -3.5 1.5
903 2 2.5 1.5
904 2 -2 1.5
905 2 -3.5 1.5
906 2 -3.5 1.5
907 0.5 2.5 1.5
908 0.5 -2 1.5
909 0.5 -2 1.5
910 -1 2.5 1.5
911 -1 2.5 1.5
912 -1 1 1.5
913 -1 -0.5 1.5
914 -1 -2 1.5
915 -1 -2 1.5
916 -2.5 1 1.5
917 -2.5 -0.5 1.5
