1 7.5 7.5 8.5
2 7.5 5 8.5
3 5 12.5 8.5
4 5 10 8.5
5 5 2.5 8.5
6 5 2.5 8.5
7 2.5 12.5 8.5
8 2.5 10 8.5
9 2.5 7.5 8.5
10 2.5 5 8.5
11 2.5 5 8.5
12 2.5 2.5 8.5
13 2.5 0 8.5
14 2.5 -7.5 8.5
15 0 10 8.5
16 0 2.5 8.5
17 0 2.5 8.5
18 0 2.5 8.5
19 -2.5 10 8.5
20 -2.5 7.5 8.5
21 -2.5 7.5 8.5
22 -2.5 5 8.5
23 -2.5 5 8.5
24 -2.5 2.5 8.5
25 -2.5 0 8.5
26 -2.5 -7.5 8.5
27 -5 10 8.5
28 -5 2.5 8.5
29 -5 2.5 8.5
30 -7.5 7.5 8.5
31 -7.5 5 8.5
32 7.5 0 6
33 7.5 0 6
34 7.5 0 6
35 7.5 0 6
36 7.5 -2.5 6
37 7.5 -2.5 6
38 5 0 6
39 5 0 6
40 5 0 6
41 5 0 6
42 2.5 12.5 6
43 2.5 12.5 6
44 2.5 12.5 6
45 2.5 -2.5 6
46 2.5 -2.5 6
47 2.5 -2.5 6
48 2.5 -2.5 6
49 2.5 -2.5 6
50 2.5 -2.5 6
51 2.5 -5 6
52 2.5 -5 6
53 2.5 -5 6
54 2.5 -7.5 6
55 2.5 -7.5 6
56 2.5 -10 6
57 2.5 -10 6
58 2.5 -12.5 6
59 2.5 -12.5 6
60 0 12.5 6
61 0 12.5 6
62 0 12.5 6
63 -2.5 12.5 6
64 -2.5 12.5 6
65 -2.5 12.5 6
66 -2.5 -2.5 6
67 -2.5 -2.5 6
68 -2.5 -2.5 6
69 -2.5 -2.5 6
70 -2.5 -2.5 6
71 -2.5 -2.5 6
72 -2.5 -5 6
73 -2.5 -5 6
74 -2.5 -5 6
75 -2.5 -7.5 6
76 -2.5 -7.5 6
77 -2.5 -10 6
78 -2.5 -10 6
79 -2.5 -12.5 6
80 -2.5 -12.5 6
81 -5 0 6
82 -5 0 6
83 -5 0 6
84 -5 0 6
85 -7.5 0 6
86 -7.5 0 6
87 -7.5 0 6
88 -7.5 0 6
89 -7.5 -2.5 6
90 -7.5 -2.5 6
91 10 7.5 3.5
92 10 7.5 3.5
93 10 5 3.5
94 10 5 3.5
95 10 5 3.5
96 10 2.5 3.5
97 10 2.5 3.5
98 10 0 3.5
99 10 0 3.5
100 7.5 10 3.5
101 7.5 10 3.5
102 7.5 10 3.5
103 7.5 7.5 3.5
104 7.5 7.5 3.5
105 7.5 7.5 3.5
106 7.5 5 3.5
107 7.5 5 3.5
108 7.5 5 3.5
109 7.5 2.5 3.5
110 7.5 2.5 3.5
111 7.5 2.5 3.5
112 7.5 0 3.5
113 7.5 0 3.5
114 7.5 0 3.5
115 7.5 0 3.5
116 7.5 -2.5 3.5
117 7.5 -2.5 3.5
118 7.5 -2.5 3.5
119 7.5 -5 3.5
120 7.5 -5 3.5
121 5 12.5 3.5
122 5 12.5 3.5
123 5 10 3.5
124 5 10 3.5
125 5 10 3.5
126 5 7.5 3.5
127 5 7.5 3.5
128 5 7.5 3.5
129 5 5 3.5
130 5 5 3.5
131 5 5 3.5
132 5 5 3.5
133 5 5 3.5
134 5 2.5 3.5
135 5 2.5 3.5
136 5 2.5 3.5
137 5 2.5 3.5
138 5 2.5 3.5
139 5 0 3.5
140 5 0 3.5
141 5 0 3.5
142 5 0 3.5
143 5 -2.5 3.5
144 5 -2.5 3.5
145 5 -2.5 3.5
146 5 -2.5 3.5
147 5 -5 3.5
148 5 -5 3.5
149 5 -5 3.5
150 5 -5 3.5
151 5 -7.5 3.5
152 5 -7.5 3.5
153 5 -10 3.5
154 5 -10 3.5
155 2.5 12.5 3.5
156 2.5 12.5 3.5
157 2.5 10 3.5
158 2.5 10 3.5
159 2.5 10 3.5
160 2.5 10 3.5
161 2.5 7.5 3.5
162 2.5 7.5 3.5
163 2.5 7.5 3.5
164 2.5 7.5 3.5
165 2.5 7.5 3.5
166 2.5 5 3.5
167 2.5 5 3.5
168 2.5 5 3.5
169 2.5 5 3.5
170 2.5 5 3.5
171 2.5 5 3.5
172 2.5 5 3.5
173 2.5 5 3.5
174 2.5 2.5 3.5
175 2.5 2.5 3.5
176 2.5 2.5 3.5
177 2.5 2.5 3.5
178 2.5 2.5 3.5
179 2.5 2.5 3.5
180 2.5 2.5 3.5
181 2.5 2.5 3.5
182 2.5 0 3.5
183 2.5 0 3.5
184 2.5 0 3.5
185 2.5 0 3.5
186 2.5 0 3.5
187 2.5 0 3.5
188 2.5 -2.5 3.5
189 2.5 -2.5 3.5
190 2.5 -2.5 3.5
191 2.5 -2.5 3.5
192 2.5 -2.5 3.5
193 2.5 -2.5 3.5
194 2.5 -5 3.5
195 2.5 -5 3.5
196 2.5 -5 3.5
197 2.5 -5 3.5
198 2.5 -7.5 3.5
199 2.5 -7.5 3.5
200 2.5 -7.5 3.5
201 2.5 -7.5 3.5
202 2.5 -10 3.5
203 2.5 -10 3.5
204 2.5 -12.5 3.5
205 2.5 -12.5 3.5
206 0 12.5 3.5
207 0 12.5 3.5
208 0 12.5 3.5
209 0 10 3.5
210 0 10 3.5
211 0 10 3.5
212 0 7.5 3.5
213 0 7.5 3.5
214 0 7.5 3.5
215 0 7.5 3.5
216 0 7.5 3.5
217 0 7.5 3.5
218 0 7.5 3.5
219 0 5 3.5
220 0 5 3.5
221 0 5 3.5
222 0 5 3.5
223 0 5 3.5
224 0 5 3.5
225 0 5 3.5
226 0 5 3.5
227 0 2.5 3.5
228 0 2.5 3.5
229 0 2.5 3.5
230 0 2.5 3.5
231 0 2.5 3.5
232 0 2.5 3.5
233 0 2.5 3.5
234 0 2.5 3.5
235 0 0 3.5
236 0 0 3.5
237 0 0 3.5
238 0 0 3.5
239 0 0 3.5
240 0 0 3.5
241 0 0 3.5
242 0 0 3.5
243 0 -2.5 3.5
244 0 -2.5 3.5
245 0 -2.5 3.5
246 0 -2.5 3.5
247 0 -2.5 3.5
248 0 -2.5 3.5
249 0 -2.5 3.5
250 0 -2.5 3.5
251 0 -5 3.5
252 0 -5 3.5
253 0 -5 3.5
254 0 -5 3.5
255 0 -7.5 3.5
256 0 -7.5 3.5
257 0 -7.5 3.5
258 0 -10 3.5
259 0 -12.5 3.5
260 -2.5 12.5 3.5
261 -2.5 12.5 3.5
262 -2.5 10 3.5
263 -2.5 10 3.5
264 -2.5 10 3.5
265 -2.5 10 3.5
266 -2.5 7.5 3.5
267 -2.5 7.5 3.5
268 -2.5 7.5 3.5
269 -2.5 7.5 3.5
270 -2.5 7.5 3.5
271 -2.5 5 3.5
272 -2.5 5 3.5
273 -2.5 5 3.5
274 -2.5 5 3.5
275 -2.5 5 3.5
276 -2.5 5 3.5
277 -2.5 5 3.5
278 -2.5 5 3.5
279 -2.5 2.5 3.5
280 -2.5 2.5 3.5
281 -2.5 2.5 3.5
282 -2.5 2.5 3.5
283 -2.5 2.5 3.5
284 -2.5 2.5 3.5
285 -2.5 2.5 3.5
286 -2.5 2.5 3.5
287 -2.5 0 3.5
288 -2.5 0 3.5
289 -2.5 0 3.5
290 -2.5 0 3.5
291 -2.5 0 3.5
292 -2.5 0 3.5
293 -2.5 -2.5 3.5
294 -2.5 -2.5 3.5
295 -2.5 -2.5 3.5
296 -2.5 -2.5 3.5
297 -2.5 -2.5 3.5
298 -2.5 -2.5 3.5
299 -2.5 -5 3.5
300 -2.5 -5 3.5
301 -2.5 -5 3.5
302 -2.5 -5 3.5
303 -2.5 -7.5 3.5
304 -2.5 -7.5 3.5
305 -2.5 -7.5 3.5
306 -2.5 -7.5 3.5
307 -2.5 -10 3.5
308 -2.5 -10 3.5
309 -2.5 -12.5 3.5
310 -2.5 -12.5 3.5
311 -5 12.5 3.5
312 -5 12.5 3.5
313 -5 10 3.5
314 -5 10 3.5
315 -5 10 3.5
316 -5 7.5 3.5
317 -5 7.5 3.5
318 -5 7.5 3.5
319 -5 5 3.5
320 -5 5 3.5
321 -5 5 3.5
322 -5 5 3.5
323 -5 5 3.5
324 -5 5 3.5
325 -5 2.5 3.5
326 -5 2.5 3.5
327 -5 2.5 3.5
328 -5 2.5 3.5
329 -5 0 3.5
330 -5 0 3.5
331 -5 0 3.5
332 -5 0 3.5
333 -5 -2.5 3.5
334 -5 -2.5 3.5
335 -5 -2.5 3.5
336 -5 -2.5 3.5
337 -5 -5 3.5
338 -5 -5 3.5
339 -5 -5 3.5
340 -5 -5 3.5
341 -5 -7.5 3.5
342 -5 -7.5 3.5
343 -5 -10 3.5
344 -5 -10 3.5
345 -7.5 10 3.5
346 -7.5 10 3.5
347 -7.5 10 3.5
348 -7.5 7.5 3.5
349 -7.5 7.5 3.5
350 -7.5 7.5 3.5
351 -7.5 5 3.5
352 -7.5 5 3.5
353 -7.5 5 3.5
354 -7.5 2.5 3.5
355 -7.5 2.5 3.5
356 -7.5 2.5 3.5
357 -7.5 0 3.5
358 -7.5 0 3.5
359 -7.5 0 3.5
360 -7.5 0 3.5
361 -7.5 -2.5 3.5
362 -7.5 -2.5 3.5
363 -7.5 -2.5 3.5
364 -7.5 -5 3.5
365 -7.5 -5 3.5
366 -10 7.5 3.5
367 -10 7.5 3.5
368 -10 5 3.5
369 -10 5 3.5
370 -10 5 3.5
371 -10 2.5 3.5
372 -10 2.5 3.5
373 -10 0 3.5
374 -10 0 3.5
375 7.5 7.5 1
376 7.5 5 1
377 7.5 5 1
378 7.5 2.5 1
379 7.5 2.5 1
380 7.5 0 1
381 7.5 0 1
382 5 10 1
383 5 7.5 1
384 5 7.5 1
385 5 5 1
386 5 5 1
387 5 2.5 1
388 5 2.5 1
389 5 2.5 1
390 5 0 1
391 5 0 1
392 5 0 1
393 5 -2.5 1
394 5 -2.5 1
395 5 -2.5 1
396 5 -2.5 1
397 5 -5 1
398 5 -5 1
399 5 -7.5 1
400 5 -7.5 1
401 2.5 12.5 1
402 2.5 10 1
403 2.5 10 1
404 2.5 7.5 1
405 2.5 7.5 1
406 2.5 7.5 1
407 2.5 5 1
408 2.5 5 1
409 2.5 5 1
410 2.5 5 1
411 2.5 2.5 1
412 2.5 2.5 1
413 2.5 2.5 1
414 2.5 2.5 1
415 2.5 0 1
416 2.5 0 1
417 2.5 0 1
418 2.5 0 1
419 2.5 -2.5 1
420 2.5 -2.5 1
421 2.5 -2.5 1
422 2.5 -2.5 1
423 2.5 -5 1
424 2.5 -5 1
425 2.5 -5 1
426 2.5 -7.5 1
427 2.5 -7.5 1
428 2.5 -10 1
429 2.5 -10 1
430 0 12.5 1
431 0 10 1
432 0 7.5 1
433 0 7.5 1
434 0 7.5 1
435 0 5 1
436 0 5 1
437 0 5 1
438 0 2.5 1
439 0 2.5 1
440 0 2.5 1
441 0 2.5 1
442 0 2.5 1
443 0 0 1
444 0 0 1
445 0 0 1
446 0 0 1
447 0 0 1
448 0 0 1
449 0 -2.5 1
450 0 -2.5 1
451 0 -2.5 1
452 0 -2.5 1
453 0 -2.5 1
454 0 -5 1
455 0 -7.5 1
456 0 -10 1
457 -2.5 12.5 1
458 -2.5 10 1
459 -2.5 10 1
460 -2.5 7.5 1
461 -2.5 7.5 1
462 -2.5 7.5 1
463 -2.5 5 1
464 -2.5 5 1
465 -2.5 5 1
466 -2.5 5 1
467 -2.5 2.5 1
468 -2.5 2.5 1
469 -2.5 2.5 1
470 -2.5 2.5 1
471 -2.5 0 1
472 -2.5 0 1
473 -2.5 0 1
474 -2.5 0 1
475 -2.5 0 1
476 -2.5 -2.5 1
477 -2.5 -2.5 1
478 -2.5 -2.5 1
479 -2.5 -2.5 1
480 -2.5 -5 1
481 -2.5 -5 1
482 -2.5 -5 1
483 -2.5 -7.5 1
484 -2.5 -7.5 1
485 -2.5 -10 1
486 -2.5 -10 1
487 -5 10 1
488 -5 7.5 1
489 -5 7.5 1
490 -5 5 1
491 -5 5 1
492 -5 2.5 1
493 -5 2.5 1
494 -5 2.5 1
495 -5 0 1
496 -5 0 1
497 -5 0 1
498 -5 -2.5 1
499 -5 -2.5 1
500 -5 -2.5 1
501 -5 -2.5 1
502 -5 -5 1
503 -5 -5 1
504 -5 -7.5 1
505 -5 -7.5 1
506 -7.5 7.5 1
507 -7.5 5 1
508 -7.5 5 1
509 -7.5 2.5 1
510 -7.5 2.5 1
511 -7.5 0 1
512 -7.5 0 1
513 -7.5 0 1
