1 3.2 0.8 2
2 3.2 0.8 2
3 2.6 0.8 2
4 2.6 -1 2
5 2 0.8 2
6 2 0.8 2
7 3.8 0.8 1.4
8 3.8 0.8 1.4
9 3.8 0.2 1.4
10 3.8 0.2 1.4
11 3.8 0.2 1.4
12 3.8 -0.4 1.4
13 3.8 -0.4 1.4
14 3.8 -0.4 1.4
15 3.2 1.4 1.4
16 3.2 1.4 1.4
17 3.2 1.4 1.4
18 3.2 0.8 1.4
19 3.2 0.8 1.4
20 3.2 0.8 1.4
21 3.2 -1 1.4
22 3.2 -1 1.4
23 3.2 -1 1.4
24 2.6 1.4 1.4
25 2.6 1.4 1.4
26 2.6 -1.6 1.4
27 2.6 -1.6 1.4
28 2 1.4 1.4
29 2 1.4 1.4
30 2 1.4 1.4
31 2 -1 1.4
32 2 -1 1.4
33 2 -1 1.4
34 2 -1.6 1.4
35 2 -1.6 1.4
36 2 -1.6 1.4
37 1.4 1.4 1.4
38 1.4 1.4 1.4
39 1.4 1.4 1.4
40 1.4 1.4 1.4
41 1.4 0.8 1.4
42 1.4 0.8 1.4
43 1.4 0.8 1.4
44 1.4 0.8 1.4
45 1.4 0.8 1.4
46 1.4 -0.4 1.4
47 1.4 -0.4 1.4
48 1.4 -0.4 1.4
49 1.4 -0.4 1.4
50 1.4 -0.4 1.4
51 1.4 -0.4 1.4
52 1.4 -1 1.4
53 1.4 -1 1.4
54 1.4 -1 1.4
55 1.4 -1 1.4
56 1.4 -1.6 1.4
57 1.4 -1.6 1.4
58 1.4 -1.6 1.4
59 0.8 0.8 1.4
60 0.8 0.8 1.4
61 0.8 0.8 1.4
62 0.8 0.8 1.4
63 0.8 -1 1.4
64 0.8 -1 1.4
65 0.8 -1 1.4
66 0.8 -1 1.4
67 0.2 0.8 1.4
68 0.2 0.8 1.4
69 0.2 0.8 1.4
70 0.2 0.2 1.4
71 0.2 0.2 1.4
72 0.2 0.2 1.4
73 0.2 -0.4 1.4
74 0.2 -0.4 1.4
75 0.2 -0.4 1.4
76 0.2 -1 1.4
77 0.2 -1 1.4
78 0.2 -1 1.4
79 -0.4 0.8 1.4
80 -0.4 0.8 1.4
81 -0.4 0.2 1.4
82 -0.4 0.2 1.4
83 -0.4 -0.4 1.4
84 -0.4 -0.4 1.4
85 3.8 1.4 0.8
86 3.8 1.4 0.8
87 3.8 0.8 0.8
88 3.8 0.8 0.8
89 3.8 0.2 0.8
90 3.8 0.2 0.8
91 3.8 0.2 0.8
92 3.8 -0.4 0.8
93 3.8 -0.4 0.8
94 3.8 -1 0.8
95 3.8 -1 0.8
96 3.2 1.4 0.8
97 3.2 1.4 0.8
98 3.2 1.4 0.8
99 3.2 -1.6 0.8
100 3.2 -1.6 0.8
101 3.2 -1.6 0.8
102 2.6 2 0.8
103 2.6 2 0.8
104 2.6 -2.2 0.8
105 2.6 -2.2 0.8
106 2 2 0.8
107 2 2 0.8
108 2 2 0.8
109 2 -2.2 0.8
110 2 -2.2 0.8
111 1.4 2 0.8
112 1.4 2 0.8
113 1.4 -2.2 0.8
114 1.4 -2.2 0.8
115 0.8 1.4 0.8
116 0.8 1.4 0.8
117 0.8 1.4 0.8
118 0.8 1.4 0.8
119 0.8 -1.6 0.8
120 0.8 -1.6 0.8
121 0.8 -1.6 0.8
122 0.2 1.4 0.8
123 0.2 1.4 0.8
124 0.2 1.4 0.8
125 0.2 -1 0.8
126 0.2 -1 0.8
127 0.2 -1 0.8
128 -0.4 0.8 0.8
129 -0.4 0.8 0.8
130 -0.4 0.8 0.8
131 -0.4 -1 0.8
132 -0.4 -1 0.8
133 -0.4 -1 0.8
134 -1 0.8 0.8
135 -1 0.8 0.8
136 -1 0.2 0.8
137 -1 -0.4 0.8
138 -1 -0.4 0.8
