1 0 -21.5 2.5 90
1 -1.5 -20 2.5 90
1 -3 -18.5 2.5 45
1 -3 -17 2.5 45
1 -3 -15.5 2.5 45
1 -3 -14 2.5 45
1 -3 -12.5 2.5 45
1 -3 -11 2.5 45
1 -3 -9.5 2.5 45
1 -3 -8 2.5 90
1 -3 -6.5 2.5 90
1 -3 -6.5 1 45
1 -3 -5 2.5 90
1 -3 -3.5 4 45
1 -3 -2 4 90
1 -3 -0.5 4 45
1 -4.5 -0.5 4 135
1 -6 -2 4 135
1 -7.5 -2 2.5 135
1 -7.5 -2 1 0
1 -7.5 -0.5 1 90
1 -6 1 1 0
1 -7.5 1 1 180
1 -6 -0.5 1 0
1 -6 -0.5 -0.5 0
1 -4.5 -2 -0.5 0
1 -3 -2 -2 0
1 -1.5 -2 -0.5 0
1 0 -2 -0.5 0
1 1.5 -2 -0.5 0
1 3 -2 -0.5 90
1 4.5 -2 -0.5 135
1 6 -2 -0.5 45
1 6 -0.5 1 45
1 7.5 1 1 -135
1 6 1 1 0
1 7.5 -0.5 1 135
1 7.5 -2 1 135
1 9 -3.5 1 90
1 7.5 -5 1 135
1 6 -5 2.5 180
1 4.5 -5 4 135
1 4.5 -6.5 4 180
1 3 -8 4 -135
1 3 -9.5 4 -135
1 3 -11 4 -135
1 3 -12.5 2.5 -135
1 3 -12.5 1 135
1 3 -14 -0.5 180
1 3 -12.5 -0.5 135
1 3 -11 -0.5 135
1 3 -9.5 -0.5 135
1 3 -8 -0.5 135
1 3 -6.5 -0.5 135
1 1.5 -5 -0.5 90
1 1.5 -3.5 -0.5 90
1 0 -5 -0.5 135
1 -1.5 -3.5 -0.5 135
1 -1.5 -2 -2 90
1 -1.5 -0.5 -2 45
1 -1.5 1 -0.5 45
1 -1.5 2.5 -0.5 45
1 -1.5 4 -0.5 45
1 -1.5 5.5 -0.5 45
1 -3 5.5 1 45
1 -3 5.5 2.5 0
1 -3 7 4 45
1 -3 8.5 4 45
1 -3 10 4 45
1 -3 11.5 4 45
1 -3 13 5.5 45
1 -3 14.5 5.5 45
1 -3 16 5.5 0
1 -1.5 17.5 5.5 -135
1 0 19 5.5 -90
1 1.5 19 5.5 -90
1 1.5 17.5 5.5 -90
1 3 16 5.5 -135
1 3 14.5 5.5 -135
1 3 13 4 -135
1 3 11.5 2.5 -135
1 3 13 2.5 180
1 3 14.5 2.5 45
1 4.5 14.5 2.5 135
1 4.5 13 2.5 180
1 4.5 11.5 2.5 -135
1 4.5 10 2.5 -135
1 4.5 8.5 2.5 -135
1 4.5 7 4 -135
1 3 5.5 4 -135
1 3 4 4 -135
1 3 2.5 4 -135
1 4.5 2.5 4 0
1 6 2.5 4 0
1 7.5 2.5 4 0
1 9 4 4 0
1 10.5 4 4 0
1 10.5 4 5.5 0
1 10.5 5.5 5.5 0
1 9 5.5 4 -90
1 7.5 4 4 -135
1 6 4 4 -135
1 4.5 4 4 -135
1 4.5 5.5 4 180
1 3 5.5 5.5 135
1 1.5 4 5.5 180
1 3 2.5 5.5 -90
1 3 1 4 -90
1 3 -0.5 4 -135
1 3 -2 5.5 -135
1 1.5 -3.5 5.5 -135
1 1.5 -5 5.5 -135
1 3 -6.5 5.5 -135
1 1.5 -6.5 5.5 180
1 3 -6.5 4 90
1 3 -5 4 90
1 3 -6.5 2.5 90
1 3 -5 1 90
1 3 -3.5 -0.5 90
1 3 -2 -2 180
1 3 -0.5 -2 180
1 1.5 -0.5 -0.5 180
1 0 -0.5 -0.5 180
1 1.5 1 -0.5 180
1 1.5 2.5 -0.5 180
1 0 1 -0.5 180
1 0 2.5 -0.5 180
1 1.5 4 -0.5 180
1 1.5 5.5 -0.5 135
1 1.5 7 -0.5 135
1 1.5 8.5 -0.5 135
1 1.5 10 -0.5 135
1 3 11.5 -0.5 180
1 3 13 1 180
1 1.5 14.5 1 180
1 0 16 1 180
1 -1.5 17.5 1 -135
1 -3 17.5 2.5 -135
1 -4.5 17.5 2.5 -45
1 -3 17.5 1 -45
1 -3 16 1 -45
1 -3 14.5 1 -45
1 -3 13 -0.5 -45
1 -3 11.5 -0.5 -45
1 -3 10 1 -45
1 -3 8.5 1 -45
1 -3 7 1 -90
1 -4.5 7 2.5 -135
1 -4.5 5.5 2.5 -135
1 -6 5.5 4 -135
1 -7.5 5.5 4 -135
1 -9 5.5 4 -135
1 -10.5 5.5 5.5 -135
1 -10.5 7 5.5 -135
1 -12 7 5.5 -135
1 -12 7 4 -135
1 -10.5 5.5 4 -90
1 -10.5 4 4 -90
1 -12 2.5 4 -45
1 -13.5 1 4 0
1 -13.5 1 2.5 0
1 -15 1 2.5 45
1 -15 1 1 0
1 -13.5 -0.5 1 0
1 -12 -0.5 -0.5 0
1 -10.5 -0.5 -0.5 0
1 -9 -2 -0.5 0
1 -9 -0.5 -0.5 0
1 -9 1 -0.5 0
1 -10.5 1 -0.5 0
1 -10.5 2.5 -0.5 0
1 -9 4 -0.5 -45
1 -7.5 4 1 -90
1 -6 4 2.5 -45
1 -4.5 4 4 -45
1 -4.5 2.5 4 -45
1 -3 1 4 -45
1 -3 -0.5 5.5 -45
1 -3 -2 5.5 -45
1 -1.5 -0.5 5.5 0
1 0 -0.5 5.5 0
1 1.5 1 5.5 0
1 3 1 5.5 0
1 4.5 1 4 0
1 6 1 5.5 0
1 6 -0.5 5.5 0
1 6 -0.5 4 0
1 7.5 -2 4 0
1 9 -2 4 90
1 10.5 -0.5 4 90
1 12 -0.5 2.5 135
