1 0 -20 5.5 135
1 0 -20 2.5 90
1 -3 -17 2.5 45
1 -3 -14 2.5 45
1 -3 -11 2.5 45
1 -3 -8 2.5 45
1 -3 -5 2.5 45
1 -6 -5 2.5 45
1 -9 -5 2.5 90
1 -12 -2 2.5 45
1 -12 1 2.5 0
1 -15 1 2.5 45
1 -15 4 2.5 45
1 -12 7 2.5 -90
1 -9 7 2.5 -90
1 -6 7 2.5 0
1 -3 4 2.5 -45
1 -3 7 2.5 45
1 -3 10 2.5 45
1 -3 13 5.5 45
1 -3 16 5.5 0
1 -3 13 2.5 0
1 -6 16 2.5 0
1 -6 13 2.5 45
1 -3 13 -0.5 0
1 -3 10 -0.5 0
1 -3 7 -0.5 -45
1 -3 4 -0.5 -45
1 -6 4 2.5 -90
1 -6 4 -0.5 -45
1 -9 1 -0.5 0
1 -6 -2 -0.5 0
1 -9 -2 -0.5 0
1 -12 1 -0.5 0
1 -12 4 -0.5 0
1 -15 4 -0.5 0
