1 -2.5 -0.5 3 0
1 -1 -0.5 4.5 0
1 0.5 -0.5 4.5 0
1 2 -0.5 4.5 0
1 3.5 -0.5 4.5 0
1 5 -0.5 4.5 0
1 6.5 -0.5 4.5 0
1 8 -0.5 4.5 0
1 9.5 -0.5 4.5 0
1 11 1 4.5 0.0137078
1 11 -0.5 4.5 -0.0137078
1 12.5 -0.5 4.5 0
1 14 -0.5 4.5 0
1 15.5 -0.5 4.5 0.0137078
1 15.5 1 4.5 -0.0137078
1 14 1 4.5 0.0411234
1 12.5 1 4.5 0.0137078
1 12.5 2.5 4.5 -0.0137078
1 12.5 4 4.5 -0.0411234
1 11 4 4.5 -0.0411234
1 9.5 4 3 -0.0411234
1 8 4 3 -0.0274156
1 8 2.5 4.5 -0.0411234
1 6.5 2.5 4.5 -0.0411234
1 5 2.5 3 -0.0274156
1 3.5 2.5 3 -0.0274156
1 2 2.5 3 -0.0274156
1 0.5 2.5 3 -0.0274156
1 0.5 1 3 0
1 0.5 -0.5 3 0
1 2 -2 3 0.0137078
1 3.5 -3.5 3 0.0137078
1 5 -3.5 3 0.0137078
1 6.5 -3.5 3 0.0137078
1 8 -3.5 4.5 0
1 9.5 -3.5 4.5 0
1 11 -3.5 4.5 0
1 11 -5 4.5 0
1 12.5 -3.5 4.5 0.0137078
1 14 -3.5 4.5 0.0137078
1 15.5 -3.5 3 0
1 15.5 -2 4.5 0.0274156
1 15.5 -3.5 6 0.0137078
