1 -2.5 0 5 0
1 0 0 5 0
1 2.5 2.5 5 -0.0137078
1 2.5 2.5 5 0
1 0 2.5 5 -0.0137078
1 -2.5 2.5 2.5 -0.0137078
1 0 5 2.5 -0.0137078
1 2.5 5 2.5 -0.0274156
1 5 5 2.5 -0.0274156
1 7.5 5 5 -0.0274156
1 7.5 5 5 -0.0137078
1 10 5 5 -0.0137078
1 10 5 5 -0.0274156
1 10 5 5 0
1 10 7.5 5 -0.0137078
1 12.5 7.5 5 -0.0137078
1 15 7.5 5 -0.0274156
1 17.5 5 5 -0.0274156
1 17.5 5 5 -0.0411234
1 20 5 5 -0.0411234
1 20 7.5 5 -0.0411234
1 20 7.5 2.5 -0.0411234
1 17.5 7.5 5 -0.0411234
1 17.5 5 7.5 -0.0274156
1 15 2.5 7.5 -0.0137078
1 15 0 7.5 0
1 15 0 7.5 -0.0137078
1 12.5 0 7.5 -0.0137078
1 12.5 0 7.5 0
1 10 0 7.5 0
1 7.5 0 7.5 0
1 5 0 7.5 0
1 2.5 0 7.5 0
1 2.5 -2.5 5 0.0137078
1 2.5 -2.5 5 0
1 5 -5 5 0.0137078
1 7.5 -5 5 0.0137078
1 10 -5 5 0.0137078
