1 -0.7 -0.0999996 0.4 0
1 -0.0999996 0.2 0.7 -45
1 0.5 0.5 0.7 -90
1 1.1 0.5 0.7 -90
1 1.4 0.8 0.7 -45
1 0.8 0.5 0.7 -90
1 1.1 0.8 0.7 -45
1 1.7 1.1 0.7 -45
1 2.3 0.8 0.7 -90
1 2.6 0.8 0.7 -90
1 2.3 0.5 1 -90
1 2 -0.0999996 1 0
1 2.3 -0.7 0.7 90
1 1.7 -1 0.7 90
1 1.4 -0.7 0.7 45
1 1.1 -0.7 0.7 45
1 0.5 -0.4 0.7 45
1 1.1 -0.7 0.4 90
1 1.4 -1 0.7 45
1 0.8 -0.7 0.7 45
1 1.4 -0.4 1 45
1 2 -0.4 1 45
1 2.6 -0.7 0.7 90
1 2.3 -1 0.7 135
1 2.9 -0.7 0.7 135
1 2.6 -1 0.7 135
1 2.3 -0.7 1 135
1 1.7 -0.4 1 135
1 1.7 -0.0999996 1 45
1 1.4 -0.0999996 1 45
1 1.1 -0.4 1 45
1 0.8 -0.7 0.4 45
1 0.2 -0.4 0.7 45
1 0.5 -0.7 0.4 90
1 1.1 -1 0.4 90
1 1.4 -0.7 1 90
1 2 -0.7 1 90
1 2.6 -0.7 1 90
1 2.9 -1 0.7 90
1 2.9 -1 0.4 90
1 2.3 -1.3 0.7 90
1 1.7 -1.3 0.4 90
1 1.7 -1.3 0.7 90
1 1.7 -0.7 1 90
1 2.3 -1 1 90
1 2.9 -0.7 1 90
1 3.2 -0.0999996 0.7 135
1 3.2 0.5 0.7 180
1 2.9 0.8 0.7 -135
1 2.3 1.1 0.7 -135
1 1.7 0.8 1 -90
1 2 0.5 1 -90
1 2.3 0.8 1 -90
1 2 1.1 0.7 -90
1 1.7 0.5 1 -90
1 1.7 0.2 1 -45
1 1.4 0.5 1 -45
1 1.1 0.8 0.4 -90
1 0.5 0.5 0.4 -45
1 0.8 0.8 0.4 -45
1 1.4 1.1 0.4 -45
1 1.4 0.8 1 -45
1 1.4 0.2 1 -45
1 2 0.2 1 -45
1 2 0.8 1 -90
1 2.6 0.8 1 -90
1 2.9 0.5 1 -90
1 3.2 0.2 0.4 -135
