1 -1 0.2 0.8 0
1 -0.4 0.8 0.8 -45
1 0.8 1.4 0.8 -90
1 1.4 0.8 1.4 -45
1 0.8 0.8 1.4 -45
1 2 1.4 1.4 -90
1 3.2 1.4 0.8 -135
1 3.2 0.8 1.4 -135
1 3.8 0.2 0.8 180
1 3.2 -1 1.4 135
1 2 -1 1.4 90
1 0.8 -1 1.4 45
1 0.2 -1 0.8 45
1 1.4 -0.4 1.4 45
1 1.4 -1 1.4 45
1 0.8 -1.6 0.8 45
1 1.4 -1.6 1.4 45
1 2 -1.6 1.4 90
1 3.2 -1.6 0.8 135
1 2.6 -1.6 1.4 135
1 3.8 -1 0.8 135
1 3.8 -0.4 0.8 135
1 3.8 -0.4 1.4 135
1 3.8 0.2 1.4 -135
1 3.8 0.8 0.8 -135
1 2.6 1.4 1.4 -135
1 1.4 1.4 1.4 -90
1 0.2 0.8 1.4 -45
1 0.2 1.4 0.8 -45
1 0.2 0.2 1.4 0
