1 -0.4 -0.0999996 0.6 0
1 -0.0999996 -0.4 0.6 45
1 0.2 -0.4 0.6 45
1 0.5 -0.4 0.6 45
1 0.8 -0.7 0.6 45
1 1.1 -0.7 0.6 45
1 1.4 -1 0.6 45
1 1.4 -0.7 0.9 45
1 1.4 -0.4 0.9 90
1 1.7 -0.0999996 0.9 0
1 1.7 0.2 0.9 -45
1 2 0.5 0.9 -45
1 1.7 0.8 0.9 -90
1 1.4 0.8 0.9 -90
1 1.4 1.1 0.6 -45
1 1.1 0.8 0.6 -90
1 0.8 0.8 0.6 -90
1 0.5 0.5 0.6 -90
1 0.8 0.5 0.9 -45
1 1.1 0.2 0.9 0
1 1.4 0.2 0.9 0
1 1.4 -0.0999996 0.9 45
1 1.7 -0.4 0.9 45
1 2 -0.7 0.9 45
1 2.3 -1 0.9 90
1 2.6 -1 0.6 90
1 2.3 -1.3 0.6 135
1 2 -1.3 0.6 90
1 2 -1 0.9 90
1 1.7 -0.7 0.9 90
1 2 -0.4 0.9 45
1 2 -0.0999996 0.9 45
1 2 0.2 0.9 -45
1 1.7 0.5 0.9 -45
1 1.4 0.5 0.9 0
1 1.1 0.5 0.9 0
1 0.8 0.2 0.9 -45
1 1.1 -0.0999996 0.9 0
1 1.1 -0.4 0.9 0
1 0.8 -0.4 0.9 45
1 0.5 -0.4 0.9 45
1 0.5 -0.7 0.6 45
1 0.8 -0.7 0.3 45
1 1.1 -0.7 0.3 45
1 1.1 -1 0.6 45
1 1.1 -1 0.3 45
