1 -0.499999 0.100001 0.400001 0
1 -0.199999 0.100001 0.700001 0
1 0.100001 0.400001 0.700001 -45
1 0.400001 0.400001 0.700001 -45
1 0.700001 0.400001 0.700001 -45
1 1 0.700001 0.700001 -45
1 1.3 0.700001 0.700001 -45
1 1.6 0.400001 0.700001 -45
1 1.9 0.100001 0.700001 -45
1 1.6 0.100001 0.700001 -90
1 1.9 0.400001 0.700001 -45
1 2.2 0.700001 0.700001 -45
1 2.5 0.700001 0.700001 180
1 2.8 0.700001 0.700001 -135
1 2.8 0.400001 1 -135
1 3.1 0.400001 0.700001 -135
1 3.1 0.100001 0.700001 -135
1 3.1 -0.199999 0.700001 180
1 3.1 -0.499999 0.700001 180
1 2.8 -0.799999 0.700001 135
1 2.5 -0.799999 0.700001 180
1 2.2 -0.799999 0.700001 135
1 1.9 -0.499999 0.700001 135
1 1.6 -0.499999 0.700001 135
1 1.3 -0.499999 0.700001 135
1 1.6 -0.199999 0.700001 90
1 1.3 -0.199999 0.700001 -45
1 1 -0.499999 0.700001 90
1 1 -0.799999 0.400001 90
1 0.700001 -0.799999 0.400001 90
1 0.400001 -0.499999 0.400001 90
1 0.700001 -0.499999 0.700001 45
1 1 -0.799999 0.700001 45
1 1.3 -1.1 0.700001 45
1 1.6 -0.799999 0.700001 45
1 1.9 -0.799999 0.700001 45
1 1.9 -0.499999 1 45
1 1.9 -0.199999 0.700001 90
1 1.9 0.100001 1 90
1 2.2 -0.199999 1 90
1 2.2 -0.499999 1 45
1 2.2 -0.499999 0.700001 135
1 2.5 -0.499999 1 135
1 2.8 -0.199999 1 135
1 2.8 -0.499999 1 135
1 3.1 -0.199999 1 135
1 3.1 0.100001 1 135
1 2.8 0.100001 1 135
1 2.8 -0.199999 1.3 135
1 2.8 -0.499999 1.3 135
1 2.8 -0.799999 1 135
1 2.8 -1.1 0.700001 135
1 2.5 -1.1 0.700001 135
