1 -0.399997 0.500003 0.5 -45
1 -0.0999972 0.500003 0.5 -45
1 0.200003 0.500003 0.5 -45
1 0.500003 0.500003 0.8 -45
1 0.800003 0.500003 0.8 -45
1 1.1 0.800003 0.8 -45
1 1.4 0.800003 0.8 -45
1 1.7 0.800003 0.8 -90
1 1.4 1.1 0.8 -45
1 1.4 1.1 0.5 -45
1 1.1 0.800003 0.5 -90
1 0.800003 0.800003 0.5 -90
1 0.500003 0.500003 0.5 -45
1 0.500003 0.200003 0.8 -45
1 0.200003 0.500003 0.8 -45
1 -0.0999972 0.200003 0.8 -45
1 0.200003 -0.0999972 0.8 0
1 0.500003 -0.399997 0.8 45
1 0.800003 -0.699997 0.8 45
1 1.1 -0.699997 0.5 45
1 1.4 -0.699997 0.8 45
1 1.4 -0.999997 0.5 45
1 1.7 -0.999997 0.8 90
1 2 -0.999997 0.8 90
1 2.3 -0.999997 0.8 90
1 2.6 -0.999997 0.8 90
1 2.6 -0.999997 0.5 90
1 2.3 -1.3 0.5 135
1 2.3 -1.3 0.8 135
1 2 -1.3 0.8 90
1 1.7 -1.3 0.8 90
1 1.4 -0.999997 0.8 90
1 1.1 -0.699997 0.8 90
1 1.1 -0.699997 1.1 90
1 1.4 -0.999997 1.1 90
1 1.7 -0.999997 1.1 90
1 2 -0.999997 1.1 90
1 2.3 -0.999997 1.1 90
1 2.6 -0.999997 1.1 90
1 2.9 -0.999997 0.8 135
1 2.9 -0.999997 0.5 135
1 3.2 -0.699997 0.5 135
1 3.2 -0.699997 0.8 135
1 3.2 -0.699997 1.1 135
1 3.5 -0.399997 1.1 180
1 3.5 -0.0999972 0.8 180
1 3.5 0.200003 0.5 180
1 3.5 0.500003 0.5 180
1 3.2 0.500003 0.8 180
1 2.9 0.800003 0.8 -135
1 2.6 1.1 0.8 -135
1 2.6 1.1 0.5 -90
1 2.3 1.1 0.8 -90
1 2 1.1 0.8 -90
1 1.7 1.1 0.8 -90
1 2 1.4 0.8 -90
1 2 1.1 1.1 -90
1 1.7 1.1 1.1 -90
1 3.2 -0.699997 1.4 135
1 2.6 -0.999997 1.4 135
1 2.9 -0.999997 1.4 135
1 2.9 -0.999997 1.1 135
1 1.7 -1.3 0.5 45
1 0.200003 -0.399997 0.8 90
1 -0.0999972 -0.399997 0.5 90
1 0.200003 -0.699997 0.5 90
1 1.4 -1.3 0.5 45
1 -0.0999972 -0.0999972 0.8 45
1 -0.399997 -0.0999972 0.8 45
1 -0.0999972 -0.399997 0.8 45
1 -0.399997 -0.399997 0.5 45
1 1.1 -0.999997 0.5 45
1 0.500003 -0.699997 0.5 90
1 -0.399997 0.200003 0.5 0
1 -0.399997 -0.0999972 0.5 0
1 0.800003 -0.699997 0.5 45
1 0.800003 -0.699997 1.1 90
