1 -0.499999 0.100001 0.4 0
1 0.700001 -0.499999 0.7 45
1 1.3 -0.799999 0.7 45
1 1.6 -0.799999 0.7 90
1 0.400001 -0.499999 0.7 90
1 1 0.700001 0.7 -90
1 1.6 1 0.7 -45
1 1.3 1 0.7 -45
1 0.400001 0.400001 0.7 -45
1 0.700001 0.700001 0.4 -90
1 1 0.700001 0.4 -90
1 1.9 1.3 0.7 -90
1 2.5 1 0.7 -90
1 3.1 0.700001 0.7 -135
1 3.1 -0.799999 0.7 135
1 2.2 -1.1 0.7 135
1 1.6 -1.1 0.7 45
1 1 -0.799999 0.7 45
1 1 -0.799999 0.4 45
1 0.400001 -0.499999 0.4 45
1 0.100001 -0.499999 0.7 45
1 0.100001 -0.499999 0.4 45
1 1.3 -1.1 0.7 45
1 2.5 -1.1 0.7 90
1 2.8 -1.1 0.7 90
1 1.9 -1.1 0.7 90
1 0.700001 -0.799999 0.7 90
1 0.700001 -0.799999 0.4 45
1 -0.199999 -0.199999 0.7 45
1 0.700001 0.700001 0.7 -45
1 1.3 1 0.4 -45
1 1 0.700001 1 -45
1 2.2 1 1 -45
1 2.8 1 0.7 -90
1 2.5 1 1 -90
1 1.9 1 1 -90
1 2.2 1.3 0.7 -90
1 2.8 1 1 -90
1 1.6 1 1 -90
1 1 1 0.4 -90
1 1.6 1.3 0.7 -90
1 0.400001 0.700001 0.4 -90
1 0.100001 0.400001 0.7 -90
1 1.3 1 1 -90
1 2.2 1.3 0.4 -90
1 3.1 0.700001 1 -135
1 3.4 0.100001 0.7 180
1 3.4 -0.199999 0.7 180
1 3.4 -0.199999 0.4 180
1 3.4 0.100001 0.4 180
1 3.4 -0.499999 0.7 180
1 3.4 0.100001 1 180
1 3.4 0.400001 0.4 180
1 3.4 -0.199999 1 180
1 3.4 -0.499999 1 180
1 3.4 -0.499999 0.4 180
1 3.4 0.400001 0.7 180
1 2.8 -0.799999 1.3 135
1 2.5 -1.1 0.4 135
1 2.8 -1.1 1 135
1 1.6 -0.799999 1 90
1 1.9 -1.4 0.7 90
1 3.1 -0.799999 1 135
