1 -0.4 1.49012e-07 0.4 0
1 0.4 -0.4 0.8 45
1 1.6 -0.8 0.8 90
1 2.4 -0.8 0.8 90
1 1.2 -0.8 0.8 90
1 1.6 -1.2 0.8 90
1 2 -1.2 0.8 90
1 2.8 -0.8 0.8 135
1 2.4 -1.2 0.8 135
1 1.6 -1.2 0.4 90
1 0.8 -0.8 0.8 90
1 1.49012e-07 -0.4 0.4 45
1 0.4 0.4 0.8 -45
1 1.6 0.8 0.8 -90
1 2.4 0.8 0.8 -90
1 1.2 0.8 0.8 -45
1 1.6 1.2 0.8 -45
1 2 1.2 0.8 -90
1 0.8 0.8 0.4 -90
1 0.8 0.8 0.8 -90
1 1.49012e-07 0.4 0.8 -45
1 0.8 -0.8 0.4 45
1 1.49012e-07 -0.4 0.8 45
1 1.49012e-07 0.4 0.4 -45
1 1.2 1.2 0.4 -45
1 1.6 1.2 0.4 -90
1 2.4 1.2 0.8 -135
1 3.2 0.8 0.8 -135
1 3.2 0.8 0.4 -135
1 2.4 1.2 0.4 -135
