1 -2 2 4 -45
1 0 4 4 -45
1 2 4 4 -45
1 4 2 6 -45
1 6 2 6 0
1 8 2 6 -45
1 10 2 6 -45
1 10 4 6 -90
1 12 6 6 -90
1 14 6 6 -90
1 16 6 6 -135
1 16 6 4 -135
1 18 4 4 -135
1 18 2 6 180
1 18 0 4 180
1 18 0 6 180
1 18 -2 6 180
1 18 -4 6 135
1 16 -6 6 135
1 14 -6 6 135
1 12 -6 6 90
1 10 -6 6 90
1 8 -4 6 90
1 6 -4 6 90
1 4 -4 6 90
1 2 -4 4 90
1 0 -4 4 45
1 2 -2 6 45
1 4 -2 6 0
1 6 -2 6 0
1 8 -2 6 0
1 10 -2 6 45
1 10 -4 6 45
1 8 -6 6 45
1 6 -6 4 90
1 4 -6 4 90
1 2 -4 2 45
1 0 -4 2 45
1 -2 -2 4 45
1 0 0 6 0
1 2 2 6 0
1 4 4 6 -45
1 6 4 6 -45
1 6 6 4 -45
1 8 6 6 -45
1 8 4 6 0
1 10 6 6 -90
1 10 8 4 -90
1 10 8 6 -90
1 8 8 6 -45
1 8 8 4 -45
1 6 6 2 -45
1 4 6 4 -90
1 2 4 6 -90
1 0 2 6 -45
1 -2 4 4 -45
1 14 8 4 -135
1 12 8 4 -90
1 12 8 6 -90
