1 -1 0 3 0
1 0 0 4 0
1 1 -1 4 0
1 1 -2 3 45
1 2 -2 3 45
1 3 -2 4 45
1 4 -2 4 0
1 5 -2 4 0
1 6 -2 4 0
1 7 -2 4 0
1 7 -1 5 45
1 8 0 5 45
1 9 0 5 0
1 10 0 5 0
1 10 0 5 45
1 10 0 5 -45
1 10 0 5 180
1 10 0 5 90
1 9 1 5 180
1 9 1 5 45
1 9 1 5 -45
1 8 1 5 180
1 8 2 4 -45
1 9 3 4 -135
1 10 3 4 -45
1 11 4 4 -45
1 12 4 4 -45
1 12 3 5 -45
1 12 2 5 -45
1 12 2 5 135
1 13 1 5 -90
1 13 0 5 45
1 13 -1 5 -135
1 12 -2 5 -135
1 12 -3 4 45
1 12 -3 4 0
1 12 -3 5 90
1 12 -3 5 -135
1 12 -3 5 45
1 12 -3 5 135
1 13 -4 5 45
1 13 -4 4 135
1 13 -4 3 135
1 14 -5 3 135
1 13 -6 3 90
1 12 -6 4 135
1 12 -6 3 90
1 12 -5 4 135
1 11 -4 4 135
1 10 -4 4 135
1 9 -4 4 135
1 8 -4 3 135
1 7 -4 3 45
1 7 -4 3 90
1 7 -4 3 135
1 8 -4 2 45
1 7 -3 2 135
1 6 -3 2 135
1 5 -3 3 135
1 4 -3 3 90
1 4 -3 2 90
1 3 -2 2 45
1 3 -2 3 135
1 2 -2 2 90
1 1 -2 2 45
1 0 -2 3 45
1 0 -1 4 45
1 1 0 4 0
1 2 1 4 0
1 2 2 3 -45
1 2 2 3 -90
1 3 2 4 -45
1 4 2 4 0
1 4 3 3 -45
1 5 3 3 -45
1 6 3 3 -45
1 7 4 3 -45
1 8 4 4 -45
1 8 5 3 -45
1 9 5 4 0
1 9 5 4 -45
1 10 5 4 -45
1 11 6 4 -135
1 12 6 3 -90
1 13 6 3 -90
1 14 5 3 -135
1 14 4 4 -90
1 15 3 4 -90
1 16 2 4 -135
1 16 1 4 -135
1 16 0 3 180
1 16 -1 4 135
1 16 -2 4 180
1 16 -3 4 135
1 15 -4 4 135
1 15 -5 3 135
1 14 -5 2 135
1 13 -4 2 135
1 13 -4 2 90
1 13 -5 3 90
1 13 -5 2 135
1 12 -6 2 135
1 12 -7 3 90
1 11 -7 3 90
1 11 -6 4 135
1 10 -5 4 90
1 9 -5 4 45
1 8 -4 4 135
1 8 -4 4 45
1 8 -5 3 90
1 8 -5 2 90
1 7 -4 2 45
1 7 -3 3 45
1 7 -3 4 90
1 8 -2 4 90
1 8 -1 5 180
1 7 0 5 45
1 7 1 5 45
1 7 2 4 -135
1 7 3 4 -45
1 7 3 3 -45
1 7 4 2 -90
1 8 4 2 -45
1 8 5 2 -90
1 8 4 3 -90
1 9 4 4 45
1 10 4 4 0
1 11 3 4 -45
1 12 3 4 0
1 13 3 4 0
1 13 4 4 -135
1 14 4 5 -90
1 14 4 5 -135
1 13 4 5 -135
1 13 3 6 135
1 13 2 6 -90
1 13 2 6 135
1 13 1 6 -90
1 14 1 5 -90
1 15 1 4 -135
1 16 1 5 180
1 16 0 4 135
1 15 -1 4 135
1 15 0 3 180
1 16 0 2 180
1 17 0 3 180
1 17 -1 3 135
1 17 -2 3 135
1 17 -3 3 135
1 16 -4 3 135
1 16 -4 4 135
1 16 -3 5 135
1 16 -2 5 180
1 16 -2 6 135
1 15 -3 6 135
1 15 -3 6 180
1 14 -3 6 180
1 14 -4 5 135
1 13 -3 5 135
1 13 -3 4 45
1 14 -4 4 90
1 15 -3 4 135
1 15 -4 5 180
1 15 -3 5 180
1 15 -2 6 135
1 15 -1 6 90
1 14 -1 6 90
1 14 -1 6 -135
1 13 -2 6 -135
1 13 -3 6 -135
1 14 -2 6 -135
1 13 -1 6 -135
1 12 -1 5 135
1 11 -1 5 -135
1 11 -1 5 180
1 10 -1 5 -135
1 9 -1 5 135
1 9 -2 4 135
1 10 -3 4 135
1 10 -2 4 135
1 11 -3 4 180
