1 -1 -0.5 3 45
1 0.5 -2 3 45
1 2 -2 3 45
1 3.5 -2 4.5 45
1 5 -2 4.5 0
1 6.5 -2 4.5 0
1 8 -0.5 4.5 45
1 8 -0.5 4.5 0
1 8 1 4.5 45
1 8 1 4.5 0
1 8 1 4.5 180
1 6.5 1 4.5 0
1 5 1 4.5 0
1 5 2.5 3 -135
1 3.5 2.5 3 -90
1 3.5 2.5 3 -45
1 3.5 2.5 3 -135
1 3.5 1 4.5 0
1 2 -0.5 4.5 0
1 2 1 4.5 0
1 3.5 -0.5 4.5 0
1 5 -0.5 4.5 0
1 6.5 -0.5 4.5 -45
1 8 -2 4.5 0
1 9.5 -3.5 4.5 45
1 9.5 -3.5 4.5 0
1 11 -5 4.5 45
1 12.5 -5 4.5 90
1 12.5 -5 4.5 180
1 14 -5 4.5 90
1 14 -5 4.5 180
1 14 -5 4.5 45
1 14 -5 3 135
1 12.5 -6.5 3 90
1 11 -6.5 3 90
1 9.5 -6.5 3 90
1 8 -5 3 90
1 6.5 -3.5 3 90
1 5 -3.5 3 90
1 6.5 -3.5 1.5 45
