1 -1 0 3 0
1 0 0 4 0
1 1 -1 4 0
1 1 -2 3 45
1 2 -2 3 45
1 3 -2 4 45
1 4 -2 4 0
1 5 -2 4 0
1 6 -2 4 0
1 7 -2 4 0
1 7 -1 5 45
1 8 0 5 45
1 8 0 5 0
1 9 0 6 0
1 9 0 6 45
1 9 0 6 -45
1 9 -1 6 135
1 9 -1 6 -45
1 9 -1 6 45
1 9 -2 6 135
1 9 -3 5 0
1 10 -4 5 45
1 11 -4 6 45
1 12 -4 6 45
1 12 -5 5 45
1 12 -6 4 135
1 12 -6 4 90
1 11 -5 4 135
1 10 -4 4 135
1 9 -4 5 90
1 8 -4 4 135
1 7 -4 3 90
1 7 -4 3 45
1 7 -4 3 135
1 8 -4 2 45
1 8 -5 3 90
1 9 -5 4 45
1 9 -5 4 0
1 9 -6 3 45
1 10 -6 4 45
1 10 -5 4 90
1 11 -5 5 45
1 12 -5 4 45
1 13 -5 5 90
1 14 -5 5 90
1 15 -4 5 90
1 16 -4 5 135
1 17 -3 5 135
1 17 -2 5 135
1 17 -1 5 135
1 17 0 5 135
1 17 1 5 180
1 17 2 5 180
1 17 3 4 180
1 16 4 4 -135
1 15 4 4 180
1 15 4 5 -135
1 14 5 5 -135
1 13 5 5 -135
1 12 5 5 -135
1 11 4 5 -135
1 10 4 5 -135
1 9 3 5 -135
1 8 3 4 -135
1 8 4 4 -135
1 7 4 3 -90
1 7 4 3 -45
1 6 3 3 -135
1 5 3 3 -135
1 5 2 4 -135
1 6 2 4 -135
1 7 3 4 45
1 8 2 4 45
1 9 3 4 45
1 9 4 4 45
1 9 4 5 -90
1 10 4 6 -45
1 11 4 6 -45
1 12 4 6 -45
1 12 3 7 -45
1 11 3 7 -90
1 10 2 7 -135
1 9 2 6 -135
1 8 2 5 45
1 8 2 5 -135
1 7 1 5 -135
1 7 1 5 45
1 6 1 5 0
1 5 1 5 -135
1 4 1 5 -135
1 4 2 4 -135
1 4 3 3 -90
