1 -2.5 -0.5 4.5 45
1 -1 -2 4.5 45
1 0.5 -3.5 4.5 45
1 2 -3.5 4.5 45
1 3.5 -3.5 4.5 45
1 5 -5 4.5 45
1 6.5 -5 4.5 45
1 6.5 -5 4.5 90
1 8 -6.5 4.5 45
1 8 -5 6 45
1 8 -3.5 6 45
1 8 -2 6 45
1 8 -2 6 90
1 9.5 -2 6 45
1 11 -3.5 6 45
1 12.5 -5 6 90
1 12.5 -5 6 45
1 14 -5 6 135
1 14 -5 6 90
1 14 -6.5 6 135
1 14 -6.5 4.5 90
1 14 -6.5 4.5 135
1 15.5 -6.5 4.5 90
1 17 -5 4.5 135
1 17 -5 6 135
1 15.5 -5 6 135
1 15.5 -3.5 7.5 135
1 15.5 -2 7.5 135
1 15.5 -2 7.5 90
1 15.5 -0.5 7.5 135
1 17 -0.5 6 135
1 17 -0.5 6 180
1 18.5 -0.5 4.5 180
1 18.5 1 4.5 180
1 18.5 2.5 4.5 180
1 18.5 4 4.5 180
1 17 4 6 -135
1 15.5 5.5 6 -135
1 14 5.5 6 -135
1 12.5 5.5 6 -135
1 11 5.5 6 -90
1 9.5 5.5 6 -90
1 8 4 6 -90
1 6.5 4 4.5 -90
1 5 4 4.5 -90
1 3.5 4 4.5 -90
1 2 4 4.5 -90
1 2 4 3 -45
1 2 4 3 -90
1 3.5 5.5 3 -45
1 5 5.5 4.5 -45
1 6.5 5.5 4.5 -45
1 6.5 5.5 6 -45
1 8 7 6 -45
1 8 5.5 6 -45
1 9.5 4 6 -45
1 11 4 6 -45
1 11 4 6 -90
1 9.5 2.5 6 -135
1 8 2.5 6 45
1 8 2.5 6 -135
