1 -2.5 -0.5 3 0
1 -1 -0.5 4.5 0
1 0.5 -0.5 4.5 0
1 2 1 4.5 0
1 3.5 2.5 4.5 -45
1 5 2.5 4.5 -45
1 6.5 2.5 4.5 0
1 8 2.5 4.5 -45
1 8 2.5 4.5 0
1 9.5 1 4.5 -45
1 9.5 -0.5 4.5 -45
1 9.5 -2 4.5 135
1 9.5 -2 4.5 45
1 11 -3.5 4.5 45
1 11 -3.5 4.5 135
1 12.5 -5 4.5 135
1 14 -5 4.5 90
1 15.5 -3.5 4.5 135
1 17 -2 4.5 135
1 17 -0.5 4.5 135
1 17 1 4.5 180
1 17 1 4.5 -135
1 17 1 6 180
1 15.5 -0.5 6 135
1 15.5 -0.5 6 -135
1 15.5 -2 6 135
1 14 -3.5 6 180
1 12.5 -3.5 6 180
1 11 -3.5 6 135
1 9.5 -3.5 4.5 135
1 8 -3.5 4.5 135
1 8 -5 3 90
1 6.5 -5 3 90
1 5 -3.5 3 135
1 5 -3.5 4.5 90
1 3.5 -3.5 3 90
1 3.5 -3.5 3 45
1 2 -3.5 3 90
1 2 -2 4.5 45
1 0.5 -2 4.5 45
1 0.5 -2 3 45
1 2 -2 3 45
1 3.5 -2 4.5 45
1 5 -2 4.5 0
1 6.5 -3.5 4.5 0
1 8 -5 4.5 45
1 8 -5 4.5 0
1 8 -6.5 3 90
1 8 -6.5 3 45
1 9.5 -6.5 4.5 45
1 9.5 -5 4.5 45
1 11 -5 6 45
1 12.5 -5 6 45
1 14 -5 6 135
1 15.5 -3.5 6 135
1 17 -3.5 4.5 135
1 17 -2 6 135
1 17 -0.5 6 135
1 15.5 1 6 -135
1 15.5 2.5 6 180
1 15.5 4 4.5 -135
1 14 4 4.5 -135
1 12.5 5.5 4.5 -135
1 11 7 4.5 -90
1 9.5 5.5 4.5 -90
1 8 5.5 3 -90
1 6.5 4 3 -90
1 5 4 3 -90
1 3.5 4 3 -90
1 2 2.5 3 -90
1 2 2.5 4.5 -45
1 2 2.5 4.5 -90
