1 -3 0 3 0
1 -3 0 4 0
1 -2 0 5 0
1 -1 1 5 0
1 0 2 5 -45
1 1 3 5 -45
1 2 3 5 -45
1 3 3 5 -45
1 4 3 5 -45
1 5 4 5 -45
1 6 4 5 -45
1 7 4 5 -45
1 8 5 5 -45
1 8 6 5 -45
1 9 7 5 -45
1 10 7 5 -90
1 11 7 5 -90
1 12 7 5 -90
1 13 6 5 -90
1 13 5 6 -90
1 14 5 6 -90
1 13 6 6 -90
1 12 5 6 -90
1 11 4 6 -90
1 11 3 6 -45
1 10 2 6 -90
1 9 2 6 -90
1 8 2 6 -90
1 7 2 6 -90
1 6 2 6 -90
1 5 2 6 -90
1 6 3 6 -45
1 7 3 6 -45
1 8 3 6 0
1 9 3 6 -45
1 10 3 6 -45
1 10 2 7 -45
1 11 1 7 -45
1 10 0 7 0
1 10 1 7 -45
1 9 0 7 -45
1 9 1 7 -45
1 8 1 7 -45
1 8 0 7 -45
1 9 -1 7 0
1 9 -2 6 -45
1 8 -3 6 0
1 7 -3 6 0
1 7 -4 5 90
1 7 -5 5 45
1 6 -5 4 90
1 5 -5 4 90
1 4 -5 4 90
1 3 -4 4 90
1 2 -4 3 90
1 2 -4 4 45
1 2 -5 3 45
1 3 -5 3 45
1 4 -5 3 45
1 5 -5 3 45
1 6 -5 3 45
1 6 -6 4 45
1 7 -6 4 45
1 8 -6 5 45
1 8 -5 5 45
1 9 -5 6 45
1 10 -4 6 45
1 11 -4 6 45
1 12 -5 6 45
1 13 -5 6 90
1 13 -6 6 90
1 13 -6 5 90
1 14 -6 5 90
1 14 -5 6 90
1 14 -6 6 135
1 15 -5 6 90
1 16 -5 5 135
1 16 -5 6 135
1 17 -4 6 135
1 18 -3 6 180
1 18 -2 5 135
1 18 -1 5 180
1 17 0 5 180
1 18 1 5 180
1 18 1 6 180
1 17 0 6 180
1 18 0 5 180
1 18 0 4 180
1 19 0 3 180
1 19 -1 3 180
1 19 -1 4 180
1 19 -2 4 180
1 18 -3 4 135
1 18 -3 5 135
1 18 -2 6 180
1 18 -1 6 135
1 18 0 6 135
1 17 0 7 135
1 16 0 7 180
1 17 -1 7 180
1 18 0 7 180
1 18 1 7 180
1 18 2 6 180
1 18 2 5 180
1 18 3 6 180
1 17 4 6 -135
1 16 5 6 -135
1 15 5 6 -135
1 14 6 6 -135
1 13 7 6 -135
1 12 7 6 -135
1 11 6 6 -90
1 10 6 6 -90
1 10 7 6 -90
1 9 6 6 -90
