1 -1 0 3 0
1 0 0 4 0
1 1 -1 4 0
1 1 -2 3 45
1 2 -2 3 45
1 3 -2 4 45
1 4 -2 4 0
1 5 -2 4 0
1 6 -2 4 0
1 7 -2 4 0
1 7 -1 5 45
1 8 0 5 45
1 9 0 5 0
1 10 0 5 0
1 10 0 5 45
1 10 0 5 -45
1 10 0 5 180
1 10 0 5 90
1 9 1 5 180
1 9 1 5 45
1 9 1 5 -45
1 8 1 5 180
1 8 2 4 -45
1 9 3 4 -135
1 10 3 4 -45
1 11 4 4 -45
1 12 4 4 -45
1 12 3 5 -45
1 12 2 5 -45
1 12 2 5 135
1 13 1 5 -90
1 13 0 5 45
1 13 -1 5 -135
1 12 -2 5 -135
1 12 -3 4 45
1 12 -3 4 0
1 12 -3 5 90
1 12 -3 5 -135
1 12 -3 5 45
1 12 -3 5 135
1 13 -4 5 45
1 13 -4 4 135
1 13 -4 3 135
1 14 -5 3 135
1 13 -6 3 90
1 12 -6 4 135
1 12 -6 3 90
1 12 -5 4 135
1 11 -4 4 135
1 10 -4 4 135
1 9 -4 4 135
1 8 -4 3 135
1 7 -4 3 45
1 7 -4 3 90
1 7 -4 3 135
1 8 -4 2 45
1 7 -3 2 135
1 6 -3 2 135
1 5 -3 3 135
1 4 -3 3 90
1 4 -3 2 90
1 3 -2 2 45
1 3 -2 3 135
1 2 -2 2 90
1 1 -2 2 45
1 0 -2 3 45
1 0 -1 4 45
1 1 0 4 0
1 2 1 4 0
1 2 2 3 -45
1 2 2 3 -90
1 3 2 4 -45
1 4 2 4 0
1 4 3 3 -45
1 5 3 3 -45
1 6 3 3 -45
1 7 4 3 -45
1 8 4 4 -45
