1 -2.5 -0.5 1.5 -0.0137078
1 -2.5 1 1.5 0.0137078
1 -2.5 2.5 1.5 0.0137078
1 -2.5 4 1.5 0
1 -1 4 1.5 -0.0137078
1 0.5 4 1.5 -0.0137078
1 2 4 1.5 0.0411234
1 0.5 5.5 1.5 0.0548311
1 0.5 5.5 1.5 -0.0411234
1 -1 5.5 1.5 -0.0411234
1 0.5 7 1.5 -0.0411234
1 2 7 1.5 -0.0411234
1 3.5 5.5 1.5 -0.0411234
1 3.5 4 1.5 -0.0411234
1 2 2.5 1.5 -0.0274156
1 2 1 1.5 0.0548311
1 2 -0.5 1.5 -0.0411234
1 0.5 -2 1.5 -0.0411234
1 0.5 -0.5 1.5 -0.0411234
1 0.5 -0.5 1.5 0.0411234
1 0.5 1 1.5 0.0411234
1 -1 -0.5 1.5 0.0274156
1 -1 -2 1.5 0.0274156
