1 0 20 11
2 2.5 20 8.5
3 2.5 20 8.5
4 2.5 17.5 8.5
5 2.5 17.5 8.5
6 2.5 17.5 8.5
7 2.5 15 8.5
8 2.5 15 8.5
9 2.5 12.5 8.5
10 2.5 12.5 8.5
11 0 20 8.5
12 0 15 8.5
13 0 12.5 8.5
14 -2.5 20 8.5
15 -2.5 20 8.5
16 -2.5 17.5 8.5
17 -2.5 17.5 8.5
18 -2.5 17.5 8.5
19 -2.5 15 8.5
20 -2.5 15 8.5
21 -2.5 12.5 8.5
22 -2.5 12.5 8.5
23 17.5 7.5 6
24 17.5 7.5 6
25 17.5 5 6
26 17.5 5 6
27 17.5 5 6
28 15 7.5 6
29 15 7.5 6
30 15 5 6
31 15 5 6
32 15 2.5 6
33 15 2.5 6
34 15 2.5 6
35 15 2.5 6
36 12.5 7.5 6
37 12.5 7.5 6
38 12.5 7.5 6
39 12.5 5 6
40 12.5 5 6
41 12.5 5 6
42 12.5 5 6
43 12.5 2.5 6
44 12.5 2.5 6
45 12.5 2.5 6
46 12.5 2.5 6
47 10 5 6
48 10 5 6
49 10 5 6
50 10 5 6
51 10 5 6
52 10 2.5 6
53 10 2.5 6
54 10 2.5 6
55 10 2.5 6
56 10 0 6
57 10 0 6
58 10 0 6
59 10 0 6
60 10 0 6
61 10 -2.5 6
62 10 -2.5 6
63 10 -2.5 6
64 10 -2.5 6
65 10 -2.5 6
66 7.5 17.5 6
67 7.5 17.5 6
68 7.5 15 6
69 7.5 15 6
70 7.5 5 6
71 7.5 5 6
72 7.5 5 6
73 7.5 5 6
74 7.5 2.5 6
75 7.5 2.5 6
76 7.5 2.5 6
77 7.5 2.5 6
78 7.5 2.5 6
79 7.5 2.5 6
80 7.5 0 6
81 7.5 0 6
82 7.5 0 6
83 7.5 0 6
84 7.5 0 6
85 7.5 0 6
86 5 20 6
87 5 20 6
88 5 20 6
89 5 17.5 6
90 5 17.5 6
91 5 15 6
92 5 15 6
93 5 15 6
94 5 12.5 6
95 5 12.5 6
96 5 12.5 6
97 5 12.5 6
98 5 2.5 6
99 5 2.5 6
100 5 2.5 6
101 5 2.5 6
102 5 2.5 6
103 5 2.5 6
104 5 2.5 6
105 5 0 6
106 5 0 6
107 5 0 6
108 5 0 6
109 5 0 6
110 5 0 6
111 5 -2.5 6
112 5 -2.5 6
113 5 -2.5 6
114 5 -2.5 6
115 5 -2.5 6
116 5 -2.5 6
117 2.5 20 6
118 2.5 20 6
119 2.5 20 6
120 2.5 17.5 6
121 2.5 17.5 6
122 2.5 17.5 6
123 2.5 17.5 6
124 2.5 17.5 6
125 2.5 15 6
126 2.5 15 6
127 2.5 15 6
128 2.5 15 6
129 2.5 15 6
130 2.5 15 6
131 2.5 12.5 6
132 2.5 12.5 6
133 2.5 12.5 6
134 2.5 12.5 6
135 2.5 12.5 6
136 2.5 12.5 6
137 2.5 10 6
138 2.5 10 6
139 2.5 10 6
140 2.5 10 6
141 2.5 10 6
142 2.5 10 6
143 2.5 7.5 6
144 2.5 7.5 6
145 2.5 7.5 6
146 2.5 7.5 6
147 2.5 7.5 6
148 2.5 7.5 6
149 2.5 5 6
150 2.5 5 6
151 2.5 5 6
152 2.5 5 6
153 2.5 5 6
154 2.5 5 6
155 2.5 5 6
156 2.5 2.5 6
157 2.5 2.5 6
158 2.5 2.5 6
159 2.5 2.5 6
160 2.5 2.5 6
161 2.5 2.5 6
162 2.5 2.5 6
163 2.5 0 6
164 2.5 0 6
165 2.5 0 6
166 2.5 0 6
167 2.5 0 6
168 2.5 0 6
169 2.5 0 6
170 2.5 0 6
171 2.5 -2.5 6
172 2.5 -2.5 6
173 2.5 -2.5 6
174 2.5 -2.5 6
175 2.5 -2.5 6
176 2.5 -2.5 6
177 2.5 -2.5 6
178 2.5 -5 6
179 2.5 -5 6
180 2.5 -5 6
181 2.5 -5 6
182 2.5 -5 6
183 2.5 -5 6
184 2.5 -7.5 6
185 2.5 -7.5 6
186 2.5 -7.5 6
187 2.5 -7.5 6
188 2.5 -7.5 6
189 2.5 -7.5 6
190 2.5 -10 6
191 2.5 -10 6
192 2.5 -10 6
193 2.5 -10 6
194 2.5 -10 6
195 2.5 -12.5 6
196 2.5 -12.5 6
197 2.5 -12.5 6
198 2.5 -12.5 6
199 2.5 -12.5 6
200 2.5 -15 6
201 2.5 -15 6
202 2.5 -15 6
203 2.5 -15 6
204 2.5 -17.5 6
205 2.5 -17.5 6
206 2.5 -17.5 6
207 0 20 6
208 0 20 6
209 0 20 6
210 0 20 6
211 0 20 6
212 0 12.5 6
213 0 12.5 6
214 0 12.5 6
215 0 12.5 6
216 0 12.5 6
217 0 12.5 6
218 0 10 6
219 0 10 6
220 0 10 6
221 0 10 6
222 0 10 6
223 0 10 6
224 0 7.5 6
225 0 7.5 6
226 0 7.5 6
227 0 7.5 6
228 0 7.5 6
229 0 7.5 6
230 0 5 6
231 0 5 6
232 0 5 6
233 0 5 6
234 0 5 6
235 0 5 6
236 0 5 6
237 0 5 6
238 0 2.5 6
239 0 2.5 6
240 0 2.5 6
241 0 2.5 6
242 0 2.5 6
243 0 2.5 6
244 0 2.5 6
245 0 2.5 6
246 0 0 6
247 0 0 6
248 0 0 6
249 0 0 6
250 0 0 6
251 0 0 6
252 0 0 6
253 0 0 6
254 0 -2.5 6
255 0 -2.5 6
256 0 -2.5 6
257 0 -2.5 6
258 0 -2.5 6
259 0 -2.5 6
260 0 -2.5 6
261 0 -2.5 6
262 0 -5 6
263 0 -5 6
264 0 -5 6
265 0 -5 6
266 0 -5 6
267 0 -5 6
268 0 -5 6
269 0 -5 6
270 0 -7.5 6
271 0 -7.5 6
272 0 -7.5 6
273 0 -7.5 6
274 0 -7.5 6
275 0 -7.5 6
276 0 -7.5 6
277 0 -7.5 6
278 0 -10 6
279 0 -10 6
280 0 -10 6
281 0 -10 6
282 0 -10 6
283 0 -10 6
284 0 -12.5 6
285 0 -12.5 6
286 0 -12.5 6
287 0 -12.5 6
288 0 -15 6
289 0 -15 6
290 0 -15 6
291 0 -17.5 6
292 0 -17.5 6
293 0 -17.5 6
294 -2.5 20 6
295 -2.5 20 6
296 -2.5 20 6
297 -2.5 17.5 6
298 -2.5 17.5 6
299 -2.5 17.5 6
300 -2.5 17.5 6
301 -2.5 17.5 6
302 -2.5 15 6
303 -2.5 15 6
304 -2.5 15 6
305 -2.5 15 6
306 -2.5 15 6
307 -2.5 15 6
308 -2.5 12.5 6
309 -2.5 12.5 6
310 -2.5 12.5 6
311 -2.5 12.5 6
312 -2.5 12.5 6
313 -2.5 12.5 6
314 -2.5 10 6
315 -2.5 10 6
316 -2.5 10 6
317 -2.5 10 6
318 -2.5 10 6
319 -2.5 10 6
320 -2.5 7.5 6
321 -2.5 7.5 6
322 -2.5 7.5 6
323 -2.5 7.5 6
324 -2.5 7.5 6
325 -2.5 7.5 6
326 -2.5 5 6
327 -2.5 5 6
328 -2.5 5 6
329 -2.5 5 6
330 -2.5 5 6
331 -2.5 5 6
332 -2.5 5 6
333 -2.5 2.5 6
334 -2.5 2.5 6
335 -2.5 2.5 6
336 -2.5 2.5 6
337 -2.5 2.5 6
338 -2.5 2.5 6
339 -2.5 2.5 6
340 -2.5 0 6
341 -2.5 0 6
342 -2.5 0 6
343 -2.5 0 6
344 -2.5 0 6
345 -2.5 0 6
346 -2.5 0 6
347 -2.5 0 6
348 -2.5 -2.5 6
349 -2.5 -2.5 6
350 -2.5 -2.5 6
351 -2.5 -2.5 6
352 -2.5 -2.5 6
353 -2.5 -2.5 6
354 -2.5 -2.5 6
355 -2.5 -5 6
356 -2.5 -5 6
357 -2.5 -5 6
358 -2.5 -5 6
359 -2.5 -5 6
360 -2.5 -5 6
361 -2.5 -7.5 6
362 -2.5 -7.5 6
363 -2.5 -7.5 6
364 -2.5 -7.5 6
365 -2.5 -7.5 6
366 -2.5 -7.5 6
367 -2.5 -10 6
368 -2.5 -10 6
369 -2.5 -10 6
370 -2.5 -10 6
371 -2.5 -10 6
372 -2.5 -12.5 6
373 -2.5 -12.5 6
374 -2.5 -12.5 6
375 -2.5 -12.5 6
376 -2.5 -12.5 6
377 -2.5 -15 6
378 -2.5 -15 6
379 -2.5 -15 6
380 -2.5 -15 6
381 -2.5 -17.5 6
382 -2.5 -17.5 6
383 -2.5 -17.5 6
384 -5 20 6
385 -5 20 6
386 -5 20 6
387 -5 17.5 6
388 -5 17.5 6
389 -5 15 6
390 -5 15 6
391 -5 15 6
392 -5 12.5 6
393 -5 12.5 6
394 -5 12.5 6
395 -5 12.5 6
396 -5 2.5 6
397 -5 2.5 6
398 -5 2.5 6
399 -5 2.5 6
400 -5 2.5 6
401 -5 2.5 6
402 -5 2.5 6
403 -5 0 6
404 -5 0 6
405 -5 0 6
406 -5 0 6
407 -5 0 6
408 -5 0 6
409 -5 -2.5 6
410 -5 -2.5 6
411 -5 -2.5 6
412 -5 -2.5 6
413 -5 -2.5 6
414 -5 -2.5 6
415 -7.5 17.5 6
416 -7.5 17.5 6
417 -7.5 15 6
418 -7.5 15 6
419 -7.5 5 6
420 -7.5 5 6
421 -7.5 5 6
422 -7.5 5 6
423 -7.5 2.5 6
424 -7.5 2.5 6
425 -7.5 2.5 6
426 -7.5 2.5 6
427 -7.5 2.5 6
428 -7.5 2.5 6
429 -7.5 0 6
430 -7.5 0 6
431 -7.5 0 6
432 -7.5 0 6
433 -7.5 0 6
434 -7.5 0 6
435 -10 5 6
436 -10 5 6
437 -10 5 6
438 -10 5 6
439 -10 5 6
440 -10 2.5 6
441 -10 2.5 6
442 -10 2.5 6
443 -10 2.5 6
444 -10 0 6
445 -10 0 6
446 -10 0 6
447 -10 0 6
448 -10 0 6
449 -10 -2.5 6
450 -10 -2.5 6
451 -10 -2.5 6
452 -10 -2.5 6
453 -10 -2.5 6
454 -12.5 7.5 6
455 -12.5 7.5 6
456 -12.5 7.5 6
457 -12.5 5 6
458 -12.5 5 6
459 -12.5 5 6
460 -12.5 5 6
461 -12.5 2.5 6
462 -12.5 2.5 6
463 -12.5 2.5 6
464 -12.5 2.5 6
465 -15 7.5 6
466 -15 7.5 6
467 -15 5 6
468 -15 5 6
469 -15 2.5 6
470 -15 2.5 6
471 -15 2.5 6
472 -15 2.5 6
473 -17.5 7.5 6
474 -17.5 7.5 6
475 -17.5 5 6
476 -17.5 5 6
477 -17.5 5 6
478 17.5 7.5 3.5
479 17.5 7.5 3.5
480 17.5 5 3.5
481 17.5 5 3.5
482 17.5 2.5 3.5
483 17.5 2.5 3.5
484 15 7.5 3.5
485 15 7.5 3.5
486 15 2.5 3.5
487 15 2.5 3.5
488 15 2.5 3.5
489 15 2.5 3.5
490 12.5 7.5 3.5
491 12.5 7.5 3.5
492 12.5 7.5 3.5
493 12.5 0 3.5
494 12.5 0 3.5
495 12.5 0 3.5
496 12.5 0 3.5
497 12.5 0 3.5
498 12.5 -2.5 3.5
499 12.5 -2.5 3.5
500 12.5 -2.5 3.5
501 10 7.5 3.5
502 10 7.5 3.5
503 10 7.5 3.5
504 10 7.5 3.5
505 10 5 3.5
506 10 5 3.5
507 10 5 3.5
508 10 5 3.5
509 10 5 3.5
510 10 0 3.5
511 10 0 3.5
512 10 0 3.5
513 10 0 3.5
514 10 0 3.5
515 10 0 3.5
516 10 -2.5 3.5
517 10 -2.5 3.5
518 10 -2.5 3.5
519 10 -2.5 3.5
520 10 -2.5 3.5
521 10 -5 3.5
522 10 -5 3.5
523 10 -5 3.5
524 7.5 20 3.5
525 7.5 17.5 3.5
526 7.5 17.5 3.5
527 7.5 15 3.5
528 7.5 15 3.5
529 7.5 15 3.5
530 7.5 7.5 3.5
531 7.5 7.5 3.5
532 7.5 7.5 3.5
533 7.5 7.5 3.5
534 7.5 7.5 3.5
535 7.5 5 3.5
536 7.5 5 3.5
537 7.5 5 3.5
538 7.5 5 3.5
539 7.5 5 3.5
540 7.5 -2.5 3.5
541 7.5 -2.5 3.5
542 7.5 -2.5 3.5
543 7.5 -2.5 3.5
544 7.5 -2.5 3.5
545 7.5 -2.5 3.5
546 7.5 -5 3.5
547 7.5 -5 3.5
548 7.5 -5 3.5
549 7.5 -5 3.5
550 7.5 -5 3.5
551 5 20 3.5
552 5 20 3.5
553 5 12.5 3.5
554 5 12.5 3.5
555 5 12.5 3.5
556 5 12.5 3.5
557 5 10 3.5
558 5 10 3.5
559 5 10 3.5
560 5 10 3.5
561 5 7.5 3.5
562 5 7.5 3.5
563 5 7.5 3.5
564 5 7.5 3.5
565 5 7.5 3.5
566 5 7.5 3.5
567 5 5 3.5
568 5 5 3.5
569 5 5 3.5
570 5 5 3.5
571 5 5 3.5
572 5 5 3.5
573 5 2.5 3.5
574 5 2.5 3.5
575 5 2.5 3.5
576 5 2.5 3.5
577 5 2.5 3.5
578 5 2.5 3.5
579 5 2.5 3.5
580 5 0 3.5
581 5 0 3.5
582 5 0 3.5
583 5 0 3.5
584 5 0 3.5
585 5 0 3.5
586 5 0 3.5
587 5 0 3.5
588 5 -2.5 3.5
589 5 -2.5 3.5
590 5 -2.5 3.5
591 5 -2.5 3.5
592 5 -2.5 3.5
593 5 -2.5 3.5
594 5 -2.5 3.5
595 5 -5 3.5
596 5 -5 3.5
597 5 -5 3.5
598 5 -5 3.5
599 5 -5 3.5
600 5 -7.5 3.5
601 5 -7.5 3.5
602 5 -7.5 3.5
603 5 -7.5 3.5
604 5 -10 3.5
605 5 -10 3.5
606 5 -10 3.5
607 5 -10 3.5
608 5 -12.5 3.5
609 5 -12.5 3.5
610 5 -12.5 3.5
611 5 -15 3.5
612 5 -15 3.5
613 5 -15 3.5
614 2.5 20 3.5
615 2.5 20 3.5
616 2.5 20 3.5
617 2.5 20 3.5
618 2.5 12.5 3.5
619 2.5 12.5 3.5
620 2.5 12.5 3.5
621 2.5 12.5 3.5
622 2.5 12.5 3.5
623 2.5 12.5 3.5
624 2.5 10 3.5
625 2.5 10 3.5
626 2.5 10 3.5
627 2.5 10 3.5
628 2.5 10 3.5
629 2.5 10 3.5
630 2.5 7.5 3.5
631 2.5 7.5 3.5
632 2.5 7.5 3.5
633 2.5 7.5 3.5
634 2.5 7.5 3.5
635 2.5 7.5 3.5
636 2.5 5 3.5
637 2.5 5 3.5
638 2.5 5 3.5
639 2.5 5 3.5
640 2.5 5 3.5
641 2.5 5 3.5
642 2.5 5 3.5
643 2.5 2.5 3.5
644 2.5 2.5 3.5
645 2.5 2.5 3.5
646 2.5 2.5 3.5
647 2.5 2.5 3.5
648 2.5 2.5 3.5
649 2.5 2.5 3.5
650 2.5 0 3.5
651 2.5 0 3.5
652 2.5 0 3.5
653 2.5 0 3.5
654 2.5 0 3.5
655 2.5 0 3.5
656 2.5 0 3.5
657 2.5 0 3.5
658 2.5 -2.5 3.5
659 2.5 -2.5 3.5
660 2.5 -2.5 3.5
661 2.5 -2.5 3.5
662 2.5 -2.5 3.5
663 2.5 -2.5 3.5
664 2.5 -2.5 3.5
665 2.5 -2.5 3.5
666 2.5 -5 3.5
667 2.5 -5 3.5
668 2.5 -5 3.5
669 2.5 -5 3.5
670 2.5 -5 3.5
671 2.5 -5 3.5
672 2.5 -5 3.5
673 2.5 -7.5 3.5
674 2.5 -7.5 3.5
675 2.5 -7.5 3.5
676 2.5 -7.5 3.5
677 2.5 -7.5 3.5
678 2.5 -7.5 3.5
679 2.5 -10 3.5
680 2.5 -10 3.5
681 2.5 -10 3.5
682 2.5 -10 3.5
683 2.5 -10 3.5
684 2.5 -10 3.5
685 2.5 -12.5 3.5
686 2.5 -12.5 3.5
687 2.5 -12.5 3.5
688 2.5 -12.5 3.5
689 2.5 -12.5 3.5
690 2.5 -15 3.5
691 2.5 -15 3.5
692 2.5 -15 3.5
693 2.5 -15 3.5
694 2.5 -17.5 3.5
695 2.5 -17.5 3.5
696 2.5 -17.5 3.5
697 2.5 -20 3.5
698 2.5 -20 3.5
699 0 20 3.5
700 0 20 3.5
701 0 20 3.5
702 0 -20 3.5
703 -2.5 20 3.5
704 -2.5 20 3.5
705 -2.5 20 3.5
706 -2.5 20 3.5
707 -2.5 12.5 3.5
708 -2.5 12.5 3.5
709 -2.5 12.5 3.5
710 -2.5 12.5 3.5
711 -2.5 12.5 3.5
712 -2.5 12.5 3.5
713 -2.5 10 3.5
714 -2.5 10 3.5
715 -2.5 10 3.5
716 -2.5 10 3.5
717 -2.5 10 3.5
718 -2.5 10 3.5
719 -2.5 7.5 3.5
720 -2.5 7.5 3.5
721 -2.5 7.5 3.5
722 -2.5 7.5 3.5
723 -2.5 7.5 3.5
724 -2.5 7.5 3.5
725 -2.5 5 3.5
726 -2.5 5 3.5
727 -2.5 5 3.5
728 -2.5 5 3.5
729 -2.5 5 3.5
730 -2.5 5 3.5
731 -2.5 5 3.5
732 -2.5 2.5 3.5
733 -2.5 2.5 3.5
734 -2.5 2.5 3.5
735 -2.5 2.5 3.5
736 -2.5 2.5 3.5
737 -2.5 2.5 3.5
738 -2.5 2.5 3.5
739 -2.5 0 3.5
740 -2.5 0 3.5
741 -2.5 0 3.5
742 -2.5 0 3.5
743 -2.5 0 3.5
744 -2.5 0 3.5
745 -2.5 0 3.5
746 -2.5 0 3.5
747 -2.5 -2.5 3.5
748 -2.5 -2.5 3.5
749 -2.5 -2.5 3.5
750 -2.5 -2.5 3.5
751 -2.5 -2.5 3.5
752 -2.5 -2.5 3.5
753 -2.5 -2.5 3.5
754 -2.5 -2.5 3.5
755 -2.5 -5 3.5
756 -2.5 -5 3.5
757 -2.5 -5 3.5
758 -2.5 -5 3.5
759 -2.5 -5 3.5
760 -2.5 -5 3.5
761 -2.5 -5 3.5
762 -2.5 -7.5 3.5
763 -2.5 -7.5 3.5
764 -2.5 -7.5 3.5
765 -2.5 -7.5 3.5
766 -2.5 -7.5 3.5
767 -2.5 -7.5 3.5
768 -2.5 -10 3.5
769 -2.5 -10 3.5
770 -2.5 -10 3.5
771 -2.5 -10 3.5
772 -2.5 -10 3.5
773 -2.5 -10 3.5
774 -2.5 -12.5 3.5
775 -2.5 -12.5 3.5
776 -2.5 -12.5 3.5
777 -2.5 -12.5 3.5
778 -2.5 -12.5 3.5
779 -2.5 -15 3.5
780 -2.5 -15 3.5
781 -2.5 -15 3.5
782 -2.5 -15 3.5
783 -2.5 -17.5 3.5
784 -2.5 -17.5 3.5
785 -2.5 -17.5 3.5
786 -2.5 -20 3.5
787 -2.5 -20 3.5
788 -5 20 3.5
789 -5 20 3.5
790 -5 12.5 3.5
791 -5 12.5 3.5
792 -5 12.5 3.5
793 -5 12.5 3.5
794 -5 10 3.5
795 -5 10 3.5
796 -5 10 3.5
797 -5 10 3.5
798 -5 7.5 3.5
799 -5 7.5 3.5
800 -5 7.5 3.5
801 -5 7.5 3.5
802 -5 7.5 3.5
803 -5 7.5 3.5
804 -5 5 3.5
805 -5 5 3.5
806 -5 5 3.5
807 -5 5 3.5
808 -5 5 3.5
809 -5 5 3.5
810 -5 2.5 3.5
811 -5 2.5 3.5
812 -5 2.5 3.5
813 -5 2.5 3.5
814 -5 2.5 3.5
815 -5 2.5 3.5
816 -5 2.5 3.5
817 -5 0 3.5
818 -5 0 3.5
819 -5 0 3.5
820 -5 0 3.5
821 -5 0 3.5
822 -5 0 3.5
823 -5 0 3.5
824 -5 0 3.5
825 -5 -2.5 3.5
826 -5 -2.5 3.5
827 -5 -2.5 3.5
828 -5 -2.5 3.5
829 -5 -2.5 3.5
830 -5 -2.5 3.5
831 -5 -2.5 3.5
832 -5 -5 3.5
833 -5 -5 3.5
834 -5 -5 3.5
835 -5 -5 3.5
836 -5 -5 3.5
837 -5 -7.5 3.5
838 -5 -7.5 3.5
839 -5 -7.5 3.5
840 -5 -7.5 3.5
841 -5 -10 3.5
842 -5 -10 3.5
843 -5 -10 3.5
844 -5 -10 3.5
845 -5 -12.5 3.5
846 -5 -12.5 3.5
847 -5 -12.5 3.5
848 -5 -15 3.5
849 -5 -15 3.5
850 -5 -15 3.5
851 -7.5 20 3.5
852 -7.5 17.5 3.5
853 -7.5 17.5 3.5
854 -7.5 15 3.5
855 -7.5 15 3.5
856 -7.5 15 3.5
857 -7.5 7.5 3.5
858 -7.5 7.5 3.5
859 -7.5 7.5 3.5
860 -7.5 7.5 3.5
861 -7.5 7.5 3.5
862 -7.5 5 3.5
863 -7.5 5 3.5
864 -7.5 5 3.5
865 -7.5 5 3.5
866 -7.5 5 3.5
867 -7.5 -2.5 3.5
868 -7.5 -2.5 3.5
869 -7.5 -2.5 3.5
870 -7.5 -2.5 3.5
871 -7.5 -2.5 3.5
872 -7.5 -2.5 3.5
873 -7.5 -5 3.5
874 -7.5 -5 3.5
875 -7.5 -5 3.5
876 -7.5 -5 3.5
877 -7.5 -5 3.5
878 -10 7.5 3.5
879 -10 7.5 3.5
880 -10 7.5 3.5
881 -10 7.5 3.5
882 -10 5 3.5
883 -10 5 3.5
884 -10 5 3.5
885 -10 5 3.5
886 -10 0 3.5
887 -10 0 3.5
888 -10 0 3.5
889 -10 0 3.5
890 -10 0 3.5
891 -10 0 3.5
892 -10 -2.5 3.5
893 -10 -2.5 3.5
894 -10 -2.5 3.5
895 -10 -2.5 3.5
896 -10 -2.5 3.5
897 -10 -5 3.5
898 -10 -5 3.5
899 -10 -5 3.5
900 -12.5 7.5 3.5
901 -12.5 7.5 3.5
902 -12.5 7.5 3.5
903 -12.5 0 3.5
904 -12.5 0 3.5
905 -12.5 0 3.5
906 -12.5 0 3.5
907 -12.5 0 3.5
908 -12.5 -2.5 3.5
909 -12.5 -2.5 3.5
910 -12.5 -2.5 3.5
911 -15 7.5 3.5
912 -15 7.5 3.5
913 -15 2.5 3.5
914 -15 2.5 3.5
915 -15 2.5 3.5
916 -15 2.5 3.5
917 -17.5 7.5 3.5
918 -17.5 7.5 3.5
919 -17.5 5 3.5
920 -17.5 5 3.5
921 -17.5 2.5 3.5
922 -17.5 2.5 3.5
923 15 2.5 1
924 15 2.5 1
925 12.5 5 1
926 12.5 5 1
927 12.5 2.5 1
928 12.5 0 1
929 12.5 0 1
930 12.5 -2.5 1
931 12.5 -2.5 1
932 10 5 1
933 10 -2.5 1
934 10 -2.5 1
935 10 -2.5 1
936 10 -2.5 1
937 10 -5 1
938 10 -5 1
939 10 -5 1
940 7.5 5 1
941 7.5 5 1
942 7.5 5 1
943 7.5 5 1
944 7.5 0 1
945 7.5 0 1
946 7.5 0 1
947 7.5 0 1
948 7.5 0 1
949 7.5 -2.5 1
950 7.5 -2.5 1
951 7.5 -2.5 1
952 7.5 -2.5 1
953 7.5 -5 1
954 7.5 -5 1
955 7.5 -5 1
956 7.5 -5 1
957 7.5 -7.5 1
958 7.5 -7.5 1
959 7.5 -7.5 1
960 7.5 -7.5 1
961 5 12.5 1
962 5 10 1
963 5 7.5 1
964 5 7.5 1
965 5 5 1
966 5 5 1
967 5 5 1
968 5 5 1
969 5 -7.5 1
970 5 -7.5 1
971 5 -7.5 1
972 5 -7.5 1
973 5 -10 1
974 5 -10 1
975 5 -10 1
976 5 -10 1
977 5 -12.5 1
978 5 -12.5 1
979 5 -15 1
980 5 -15 1
981 2.5 15 1
982 2.5 12.5 1
983 2.5 12.5 1
984 2.5 10 1
985 2.5 10 1
986 2.5 7.5 1
987 2.5 7.5 1
988 2.5 5 1
989 2.5 5 1
990 2.5 5 1
991 2.5 -5 1
992 2.5 -5 1
993 2.5 -5 1
994 2.5 -5 1
995 2.5 -5 1
996 2.5 -5 1
997 2.5 -5 1
998 2.5 -7.5 1
999 2.5 -7.5 1
1000 2.5 -7.5 1
1001 2.5 -7.5 1
1002 2.5 -7.5 1
1003 2.5 -7.5 1
1004 2.5 -10 1
1005 2.5 -10 1
1006 2.5 -10 1
1007 2.5 -12.5 1
1008 2.5 -12.5 1
1009 2.5 -15 1
1010 2.5 -15 1
1011 2.5 -17.5 1
1012 2.5 -17.5 1
1013 2.5 -20 1
1014 2.5 -20 1
1015 0 -20 1
1016 -2.5 15 1
1017 -2.5 12.5 1
1018 -2.5 12.5 1
1019 -2.5 10 1
1020 -2.5 10 1
1021 -2.5 7.5 1
1022 -2.5 7.5 1
1023 -2.5 5 1
1024 -2.5 5 1
1025 -2.5 5 1
1026 -2.5 -7.5 1
1027 -2.5 -7.5 1
1028 -2.5 -7.5 1
1029 -2.5 -7.5 1
1030 -2.5 -7.5 1
1031 -2.5 -7.5 1
1032 -2.5 -10 1
1033 -2.5 -10 1
1034 -2.5 -10 1
1035 -2.5 -12.5 1
1036 -2.5 -12.5 1
1037 -2.5 -15 1
1038 -2.5 -15 1
1039 -2.5 -17.5 1
1040 -2.5 -17.5 1
1041 -2.5 -20 1
1042 -2.5 -20 1
1043 -5 12.5 1
1044 -5 10 1
1045 -5 7.5 1
1046 -5 7.5 1
1047 -5 5 1
1048 -5 5 1
1049 -5 5 1
1050 -5 5 1
1051 -5 -7.5 1
1052 -5 -7.5 1
1053 -5 -7.5 1
1054 -5 -7.5 1
1055 -5 -10 1
1056 -5 -10 1
1057 -5 -10 1
1058 -5 -10 1
1059 -5 -12.5 1
1060 -5 -12.5 1
1061 -5 -15 1
1062 -5 -15 1
1063 -7.5 7.5 1
1064 -7.5 5 1
1065 -7.5 5 1
1066 -7.5 5 1
1067 -7.5 5 1
1068 -7.5 0 1
1069 -7.5 0 1
1070 -7.5 0 1
1071 -7.5 0 1
1072 -7.5 0 1
1073 -7.5 0 1
1074 -7.5 -2.5 1
1075 -7.5 -2.5 1
1076 -7.5 -2.5 1
1077 -7.5 -2.5 1
1078 -7.5 -5 1
1079 -7.5 -5 1
1080 -7.5 -5 1
1081 -7.5 -5 1
1082 -7.5 -7.5 1
1083 -7.5 -7.5 1
1084 -7.5 -7.5 1
1085 -7.5 -7.5 1
1086 -10 5 1
1087 -10 -2.5 1
1088 -10 -2.5 1
1089 -10 -2.5 1
1090 -10 -2.5 1
1091 -10 -5 1
1092 -10 -5 1
1093 -10 -5 1
1094 -12.5 5 1
1095 -12.5 5 1
1096 -12.5 2.5 1
1097 -12.5 0 1
1098 -12.5 0 1
1099 -12.5 -2.5 1
1100 -12.5 -2.5 1
