15.5 6.5 4.5 -0.785398
15.5 6.5 4.5 -1.5708
15.5 6.5 4.5 -2.35619
15.5 6.5 4.5 3.14159
15.5 2 4.5 -0.785398
15.5 2 4.5 -1.5708
15.5 2 4.5 -2.35619
15.5 2 4.5 3.14159
15.5 2 4.5 2.35619
15.5 2 4.5 1.5708
15.5 2 4.5 0
11 6.5 4.5 -0.785398
11 6.5 4.5 -1.5708
11 6.5 4.5 -2.35619
11 6.5 4.5 0
11 2 4.5 -0.785398
11 2 4.5 -1.5708
11 2 4.5 -2.35619
11 2 4.5 3.14159
11 2 4.5 1.5708
11 2 4.5 0.785398
11 2 4.5 0
11 -2.5 4.5 -0.785398
11 -2.5 4.5 -1.5708
11 -2.5 4.5 3.14159
11 -2.5 4.5 2.35619
11 -2.5 4.5 1.5708
11 -2.5 4.5 0.785398
11 -2.5 4.5 0
6.5 6.5 4.5 -0.785398
6.5 6.5 4.5 -1.5708
6.5 6.5 4.5 -2.35619
6.5 6.5 4.5 0
6.5 2 4.5 -0.785398
6.5 2 4.5 -1.5708
6.5 2 4.5 -2.35619
6.5 2 4.5 3.14159
6.5 2 4.5 0.785398
6.5 2 4.5 0
6.5 -2.5 4.5 -0.785398
6.5 -2.5 4.5 3.14159
6.5 -2.5 4.5 2.35619
6.5 -2.5 4.5 1.5708
6.5 -2.5 4.5 0.785398
6.5 -2.5 4.5 0
2 6.5 4.5 -0.785398
2 2 4.5 -0.785398
2 2 4.5 -1.5708
2 2 4.5 0
2 -2.5 4.5 1.5708
2 -2.5 4.5 0.785398
2 -2.5 4.5 0
-2.5 2 4.5 -0.785398
-2.5 2 4.5 0
-2.5 -2.5 4.5 0.785398
-2.5 -2.5 4.5 0
15.5 6.5 0 -0.785398
15.5 6.5 0 -1.5708
15.5 6.5 0 -2.35619
15.5 6.5 0 3.14159
11 6.5 0 -0.785398
11 6.5 0 -1.5708
11 6.5 0 -2.35619
11 6.5 0 0
11 2 0 -0.785398
11 2 0 -1.5708
11 2 0 -2.35619
11 2 0 3.14159
11 2 0 1.5708
11 2 0 0.785398
11 2 0 0
11 -2.5 0 -0.785398
11 -2.5 0 -1.5708
11 -2.5 0 3.14159
11 -2.5 0 2.35619
11 -2.5 0 1.5708
11 -2.5 0 0.785398
11 -2.5 0 0
6.5 6.5 0 -0.785398
6.5 6.5 0 -1.5708
6.5 6.5 0 -2.35619
6.5 6.5 0 0
6.5 2 0 -0.785398
6.5 2 0 -1.5708
6.5 2 0 -2.35619
6.5 2 0 3.14159
6.5 2 0 0.785398
6.5 2 0 0
6.5 -2.5 0 -0.785398
6.5 -2.5 0 3.14159
6.5 -2.5 0 2.35619
6.5 -2.5 0 1.5708
6.5 -2.5 0 0.785398
6.5 -2.5 0 0
6.5 -7 0 1.5708
6.5 -7 0 0.785398
6.5 -7 0 0
2 6.5 0 -0.785398
2 2 0 -0.785398
2 2 0 -1.5708
2 2 0 0
2 -2.5 0 1.5708
2 -2.5 0 0.785398
2 -2.5 0 0
-2.5 2 0 -0.785398
-2.5 2 0 0
