1 9.75 -0.5 2.5
2 9.75 -0.5 2.5
3 9.75 -0.5 2.5
4 9.75 -0.5 2.5
5 9.75 -0.5 2.5
6 9.75 -0.5 2.5
7 9.75 -0.5 2.5
8 9.75 -0.5 2.5
9 9.75 -3.5 2.5
10 9.75 -3.5 2.5
11 9.75 -3.5 2.5
12 9.75 -3.5 2.5
13 9.75 -3.5 2.5
14 9.75 -3.5 2.5
15 9.75 -6.5 2.5
16 9.75 -6.5 2.5
17 9.75 -6.5 2.5
18 9.75 -6.5 2.5
19 9.75 -9.5 2.5
20 9.75 -9.5 2.5
21 6.75 -0.5 2.5
22 6.75 -0.5 2.5
23 6.75 -0.5 2.5
24 6.75 -0.5 2.5
25 6.75 -0.5 2.5
26 6.75 -0.5 2.5
27 6.75 -0.5 2.5
28 6.75 -3.5 2.5
29 6.75 -3.5 2.5
30 6.75 -3.5 2.5
31 6.75 -3.5 2.5
32 6.75 -3.5 2.5
33 6.75 -6.5 2.5
34 6.75 -6.5 2.5
35 6.75 -6.5 2.5
36 6.75 -6.5 2.5
37 3.75 -0.5 2.5
38 3.75 -0.5 2.5
39 3.75 -0.5 2.5
40 3.75 -0.5 2.5
41 3.75 -0.5 2.5
42 3.75 -0.5 2.5
43 3.75 -3.5 2.5
44 3.75 -3.5 2.5
45 3.75 -3.5 2.5
46 3.75 -3.5 2.5
47 3.75 -6.5 2.5
48 3.75 -6.5 2.5
49 0.75 -0.5 2.5
50 0.75 -0.5 2.5
51 0.75 -3.5 2.5
52 0.75 -3.5 2.5
53 0.75 -3.5 2.5
54 0.75 -6.5 2.5
55 0.75 -6.5 2.5
56 -2.25 -0.5 2.5
57 -2.25 -3.5 2.5
58 -2.25 -3.5 2.5
59 0 -0.5 7
60 0 -0.5 7
61 0 -0.5 2.5
62 0 -5 2.5
63 0 -5 2.5
