0 20 11 -1.5708
2.5 20 8.5 -1.5708
2.5 20 8.5 -2.35619
2.5 17.5 8.5 -1.5708
2.5 17.5 8.5 -2.35619
2.5 17.5 8.5 3.14159
2.5 15 8.5 3.14159
2.5 15 8.5 2.35619
2.5 12.5 8.5 2.35619
2.5 12.5 8.5 1.5708
0 20 8.5 -1.5708
0 15 8.5 1.5708
0 12.5 8.5 1.5708
-2.5 20 8.5 -0.785398
-2.5 20 8.5 -1.5708
-2.5 17.5 8.5 -0.785398
-2.5 17.5 8.5 -1.5708
-2.5 17.5 8.5 0
-2.5 15 8.5 0.785398
-2.5 15 8.5 0
-2.5 12.5 8.5 1.5708
-2.5 12.5 8.5 0.785398
17.5 7.5 6 -2.35619
17.5 7.5 6 3.14159
17.5 5 6 -2.35619
17.5 5 6 3.14159
17.5 5 6 2.35619
15 7.5 6 -1.5708
15 7.5 6 -2.35619
15 5 6 -2.35619
15 5 6 3.14159
15 2.5 6 -2.35619
15 2.5 6 3.14159
15 2.5 6 2.35619
15 2.5 6 1.5708
12.5 7.5 6 -0.785398
12.5 7.5 6 -1.5708
12.5 7.5 6 -2.35619
12.5 5 6 -1.5708
12.5 5 6 -2.35619
12.5 5 6 3.14159
12.5 5 6 0
12.5 2.5 6 -2.35619
12.5 2.5 6 3.14159
12.5 2.5 6 1.5708
12.5 2.5 6 0.785398
10 5 6 -0.785398
10 5 6 -1.5708
10 5 6 -2.35619
10 5 6 3.14159
10 5 6 0
10 2.5 6 -2.35619
10 2.5 6 3.14159
10 2.5 6 0.785398
10 2.5 6 0
10 0 6 -2.35619
10 0 6 3.14159
10 0 6 2.35619
10 0 6 1.5708
10 0 6 0.785398
10 -2.5 6 -2.35619
10 -2.5 6 3.14159
10 -2.5 6 2.35619
10 -2.5 6 1.5708
10 -2.5 6 0.785398
7.5 17.5 6 -2.35619
7.5 17.5 6 3.14159
7.5 15 6 3.14159
7.5 15 6 2.35619
7.5 5 6 -0.785398
7.5 5 6 -1.5708
7.5 5 6 -2.35619
7.5 5 6 0
7.5 2.5 6 -0.785398
7.5 2.5 6 -1.5708
7.5 2.5 6 -2.35619
7.5 2.5 6 3.14159
7.5 2.5 6 0.785398
7.5 2.5 6 0
7.5 0 6 -2.35619
7.5 0 6 3.14159
7.5 0 6 2.35619
7.5 0 6 1.5708
7.5 0 6 0.785398
7.5 0 6 0
5 20 6 -1.5708
5 20 6 -2.35619
5 20 6 3.14159
5 17.5 6 -2.35619
5 17.5 6 3.14159
5 15 6 -2.35619
5 15 6 3.14159
5 15 6 2.35619
5 12.5 6 -2.35619
5 12.5 6 3.14159
5 12.5 6 2.35619
5 12.5 6 1.5708
5 2.5 6 -0.785398
5 2.5 6 -1.5708
5 2.5 6 -2.35619
5 2.5 6 3.14159
5 2.5 6 2.35619
5 2.5 6 0.785398
5 2.5 6 0
5 0 6 -0.785398
5 0 6 -2.35619
5 0 6 3.14159
5 0 6 2.35619
5 0 6 0.785398
5 0 6 0
5 -2.5 6 -2.35619
5 -2.5 6 3.14159
5 -2.5 6 2.35619
5 -2.5 6 1.5708
5 -2.5 6 0.785398
5 -2.5 6 0
2.5 20 6 -0.785398
2.5 20 6 -1.5708
2.5 20 6 -2.35619
2.5 17.5 6 -0.785398
2.5 17.5 6 -1.5708
2.5 17.5 6 -2.35619
2.5 17.5 6 3.14159
2.5 17.5 6 0
2.5 15 6 -1.5708
2.5 15 6 -2.35619
2.5 15 6 3.14159
2.5 15 6 2.35619
2.5 15 6 0.785398
2.5 15 6 0
2.5 12.5 6 -1.5708
2.5 12.5 6 -2.35619
2.5 12.5 6 3.14159
2.5 12.5 6 2.35619
2.5 12.5 6 1.5708
2.5 12.5 6 0.785398
2.5 10 6 -1.5708
2.5 10 6 -2.35619
2.5 10 6 3.14159
2.5 10 6 2.35619
2.5 10 6 1.5708
2.5 10 6 0.785398
2.5 7.5 6 -0.785398
2.5 7.5 6 -1.5708
2.5 7.5 6 -2.35619
2.5 7.5 6 3.14159
2.5 7.5 6 2.35619
2.5 7.5 6 1.5708
2.5 5 6 -0.785398
2.5 5 6 -1.5708
2.5 5 6 -2.35619
2.5 5 6 3.14159
2.5 5 6 2.35619
2.5 5 6 1.5708
2.5 5 6 0
2.5 2.5 6 -0.785398
2.5 2.5 6 -1.5708
2.5 2.5 6 -2.35619
2.5 2.5 6 3.14159
2.5 2.5 6 2.35619
2.5 2.5 6 1.5708
2.5 2.5 6 0
2.5 0 6 -0.785398
2.5 0 6 -1.5708
2.5 0 6 -2.35619
2.5 0 6 3.14159
2.5 0 6 2.35619
2.5 0 6 1.5708
2.5 0 6 0.785398
2.5 0 6 0
2.5 -2.5 6 -1.5708
2.5 -2.5 6 -2.35619
2.5 -2.5 6 3.14159
2.5 -2.5 6 2.35619
2.5 -2.5 6 1.5708
2.5 -2.5 6 0.785398
2.5 -2.5 6 0
2.5 -5 6 -1.5708
2.5 -5 6 -2.35619
2.5 -5 6 3.14159
2.5 -5 6 2.35619
2.5 -5 6 1.5708
2.5 -5 6 0.785398
2.5 -7.5 6 -1.5708
2.5 -7.5 6 -2.35619
2.5 -7.5 6 3.14159
2.5 -7.5 6 2.35619
2.5 -7.5 6 1.5708
2.5 -7.5 6 0.785398
2.5 -10 6 -1.5708
2.5 -10 6 -2.35619
2.5 -10 6 3.14159
2.5 -10 6 2.35619
2.5 -10 6 1.5708
2.5 -12.5 6 -1.5708
2.5 -12.5 6 -2.35619
2.5 -12.5 6 3.14159
2.5 -12.5 6 2.35619
2.5 -12.5 6 1.5708
2.5 -15 6 -2.35619
2.5 -15 6 3.14159
2.5 -15 6 2.35619
2.5 -15 6 1.5708
2.5 -17.5 6 3.14159
2.5 -17.5 6 2.35619
2.5 -17.5 6 1.5708
0 20 6 -0.785398
0 20 6 -1.5708
0 20 6 -2.35619
0 20 6 3.14159
0 20 6 0
0 12.5 6 -0.785398
0 12.5 6 -1.5708
0 12.5 6 -2.35619
0 12.5 6 2.35619
0 12.5 6 1.5708
0 12.5 6 0.785398
0 10 6 -0.785398
0 10 6 -1.5708
0 10 6 -2.35619
0 10 6 2.35619
0 10 6 1.5708
0 10 6 0.785398
0 7.5 6 -0.785398
0 7.5 6 -1.5708
0 7.5 6 -2.35619
0 7.5 6 2.35619
0 7.5 6 1.5708
0 7.5 6 0.785398
0 5 6 -0.785398
0 5 6 -1.5708
0 5 6 -2.35619
0 5 6 3.14159
0 5 6 2.35619
0 5 6 1.5708
0 5 6 0.785398
0 5 6 0
0 2.5 6 -0.785398
0 2.5 6 -1.5708
0 2.5 6 -2.35619
0 2.5 6 3.14159
0 2.5 6 2.35619
0 2.5 6 1.5708
0 2.5 6 0.785398
0 2.5 6 0
0 0 6 -0.785398
0 0 6 -1.5708
0 0 6 -2.35619
0 0 6 3.14159
0 0 6 2.35619
0 0 6 1.5708
0 0 6 0.785398
0 0 6 0
0 -2.5 6 -0.785398
0 -2.5 6 -1.5708
0 -2.5 6 -2.35619
0 -2.5 6 3.14159
0 -2.5 6 2.35619
0 -2.5 6 1.5708
0 -2.5 6 0.785398
0 -2.5 6 0
0 -5 6 -0.785398
0 -5 6 -1.5708
0 -5 6 -2.35619
0 -5 6 3.14159
0 -5 6 2.35619
0 -5 6 1.5708
0 -5 6 0.785398
0 -5 6 0
0 -7.5 6 -0.785398
0 -7.5 6 -1.5708
0 -7.5 6 -2.35619
0 -7.5 6 3.14159
0 -7.5 6 2.35619
0 -7.5 6 1.5708
0 -7.5 6 0.785398
0 -7.5 6 0
0 -10 6 -0.785398
0 -10 6 -1.5708
0 -10 6 -2.35619
0 -10 6 2.35619
0 -10 6 1.5708
0 -10 6 0.785398
0 -12.5 6 -1.5708
0 -12.5 6 2.35619
0 -12.5 6 1.5708
0 -12.5 6 0.785398
0 -15 6 2.35619
0 -15 6 1.5708
0 -15 6 0.785398
0 -17.5 6 2.35619
0 -17.5 6 1.5708
0 -17.5 6 0.785398
-2.5 20 6 -0.785398
-2.5 20 6 -1.5708
-2.5 20 6 -2.35619
-2.5 17.5 6 -0.785398
-2.5 17.5 6 -1.5708
-2.5 17.5 6 -2.35619
-2.5 17.5 6 3.14159
-2.5 17.5 6 0
-2.5 15 6 -0.785398
-2.5 15 6 -1.5708
-2.5 15 6 3.14159
-2.5 15 6 2.35619
-2.5 15 6 0.785398
-2.5 15 6 0
-2.5 12.5 6 -0.785398
-2.5 12.5 6 -1.5708
-2.5 12.5 6 2.35619
-2.5 12.5 6 1.5708
-2.5 12.5 6 0.785398
-2.5 12.5 6 0
-2.5 10 6 -0.785398
-2.5 10 6 -1.5708
-2.5 10 6 2.35619
-2.5 10 6 1.5708
-2.5 10 6 0.785398
-2.5 10 6 0
-2.5 7.5 6 -0.785398
-2.5 7.5 6 -1.5708
-2.5 7.5 6 -2.35619
-2.5 7.5 6 1.5708
-2.5 7.5 6 0.785398
-2.5 7.5 6 0
-2.5 5 6 -0.785398
-2.5 5 6 -1.5708
-2.5 5 6 -2.35619
-2.5 5 6 3.14159
-2.5 5 6 1.5708
-2.5 5 6 0.785398
-2.5 5 6 0
-2.5 2.5 6 -0.785398
-2.5 2.5 6 -1.5708
-2.5 2.5 6 -2.35619
-2.5 2.5 6 3.14159
-2.5 2.5 6 1.5708
-2.5 2.5 6 0.785398
-2.5 2.5 6 0
-2.5 0 6 -0.785398
-2.5 0 6 -1.5708
-2.5 0 6 -2.35619
-2.5 0 6 3.14159
-2.5 0 6 2.35619
-2.5 0 6 1.5708
-2.5 0 6 0.785398
-2.5 0 6 0
-2.5 -2.5 6 -0.785398
-2.5 -2.5 6 -1.5708
-2.5 -2.5 6 3.14159
-2.5 -2.5 6 2.35619
-2.5 -2.5 6 1.5708
-2.5 -2.5 6 0.785398
-2.5 -2.5 6 0
-2.5 -5 6 -0.785398
-2.5 -5 6 -1.5708
-2.5 -5 6 2.35619
-2.5 -5 6 1.5708
-2.5 -5 6 0.785398
-2.5 -5 6 0
-2.5 -7.5 6 -0.785398
-2.5 -7.5 6 -1.5708
-2.5 -7.5 6 2.35619
-2.5 -7.5 6 1.5708
-2.5 -7.5 6 0.785398
-2.5 -7.5 6 0
-2.5 -10 6 -0.785398
-2.5 -10 6 -1.5708
-2.5 -10 6 1.5708
-2.5 -10 6 0.785398
-2.5 -10 6 0
-2.5 -12.5 6 -0.785398
-2.5 -12.5 6 -1.5708
-2.5 -12.5 6 1.5708
-2.5 -12.5 6 0.785398
-2.5 -12.5 6 0
-2.5 -15 6 -0.785398
-2.5 -15 6 1.5708
-2.5 -15 6 0.785398
-2.5 -15 6 0
-2.5 -17.5 6 1.5708
-2.5 -17.5 6 0.785398
-2.5 -17.5 6 0
-5 20 6 -0.785398
-5 20 6 -1.5708
-5 20 6 0
-5 17.5 6 -0.785398
-5 17.5 6 0
-5 15 6 -0.785398
-5 15 6 0.785398
-5 15 6 0
-5 12.5 6 -0.785398
-5 12.5 6 1.5708
-5 12.5 6 0.785398
-5 12.5 6 0
-5 2.5 6 -0.785398
-5 2.5 6 -1.5708
-5 2.5 6 -2.35619
-5 2.5 6 3.14159
-5 2.5 6 2.35619
-5 2.5 6 0.785398
-5 2.5 6 0
-5 0 6 -0.785398
-5 0 6 -2.35619
-5 0 6 3.14159
-5 0 6 2.35619
-5 0 6 0.785398
-5 0 6 0
-5 -2.5 6 -0.785398
-5 -2.5 6 3.14159
-5 -2.5 6 2.35619
-5 -2.5 6 1.5708
-5 -2.5 6 0.785398
-5 -2.5 6 0
-7.5 17.5 6 -0.785398
-7.5 17.5 6 0
-7.5 15 6 0.785398
-7.5 15 6 0
-7.5 5 6 -0.785398
-7.5 5 6 -1.5708
-7.5 5 6 -2.35619
-7.5 5 6 3.14159
-7.5 2.5 6 -0.785398
-7.5 2.5 6 -1.5708
-7.5 2.5 6 -2.35619
-7.5 2.5 6 3.14159
-7.5 2.5 6 2.35619
-7.5 2.5 6 0
-7.5 0 6 -0.785398
-7.5 0 6 3.14159
-7.5 0 6 2.35619
-7.5 0 6 1.5708
-7.5 0 6 0.785398
-7.5 0 6 0
-10 5 6 -0.785398
-10 5 6 -1.5708
-10 5 6 -2.35619
-10 5 6 3.14159
-10 5 6 0
-10 2.5 6 -0.785398
-10 2.5 6 3.14159
-10 2.5 6 2.35619
-10 2.5 6 0
-10 0 6 -0.785398
-10 0 6 2.35619
-10 0 6 1.5708
-10 0 6 0.785398
-10 0 6 0
-10 -2.5 6 -0.785398
-10 -2.5 6 2.35619
-10 -2.5 6 1.5708
-10 -2.5 6 0.785398
-10 -2.5 6 0
-12.5 7.5 6 -0.785398
-12.5 7.5 6 -1.5708
-12.5 7.5 6 -2.35619
-12.5 5 6 -0.785398
-12.5 5 6 -1.5708
-12.5 5 6 3.14159
-12.5 5 6 0
-12.5 2.5 6 -0.785398
-12.5 2.5 6 2.35619
-12.5 2.5 6 1.5708
-12.5 2.5 6 0
-15 7.5 6 -0.785398
-15 7.5 6 -1.5708
-15 5 6 -0.785398
-15 5 6 0
-15 2.5 6 -0.785398
-15 2.5 6 1.5708
-15 2.5 6 0.785398
-15 2.5 6 0
-17.5 7.5 6 -0.785398
-17.5 7.5 6 0
-17.5 5 6 -0.785398
-17.5 5 6 0.785398
-17.5 5 6 0
17.5 7.5 3.5 -2.35619
17.5 7.5 3.5 3.14159
17.5 5 3.5 -2.35619
17.5 5 3.5 3.14159
17.5 2.5 3.5 3.14159
17.5 2.5 3.5 2.35619
15 7.5 3.5 -1.5708
15 7.5 3.5 -2.35619
15 2.5 3.5 -2.35619
15 2.5 3.5 3.14159
15 2.5 3.5 2.35619
15 2.5 3.5 1.5708
12.5 7.5 3.5 -0.785398
12.5 7.5 3.5 -1.5708
12.5 7.5 3.5 -2.35619
12.5 0 3.5 -2.35619
12.5 0 3.5 3.14159
12.5 0 3.5 2.35619
12.5 0 3.5 1.5708
12.5 0 3.5 0.785398
12.5 -2.5 3.5 3.14159
12.5 -2.5 3.5 2.35619
12.5 -2.5 3.5 1.5708
10 7.5 3.5 -0.785398
10 7.5 3.5 -1.5708
10 7.5 3.5 -2.35619
10 7.5 3.5 0
10 5 3.5 -0.785398
10 5 3.5 -1.5708
10 5 3.5 -2.35619
10 5 3.5 3.14159
10 5 3.5 0
10 0 3.5 -1.5708
10 0 3.5 -2.35619
10 0 3.5 3.14159
10 0 3.5 2.35619
10 0 3.5 1.5708
10 0 3.5 0.785398
10 -2.5 3.5 -2.35619
10 -2.5 3.5 3.14159
10 -2.5 3.5 2.35619
10 -2.5 3.5 1.5708
10 -2.5 3.5 0.785398
10 -5 3.5 3.14159
10 -5 3.5 2.35619
10 -5 3.5 1.5708
7.5 20 3.5 -2.35619
7.5 17.5 3.5 -2.35619
7.5 17.5 3.5 3.14159
7.5 15 3.5 -2.35619
7.5 15 3.5 3.14159
7.5 15 3.5 2.35619
7.5 7.5 3.5 -0.785398
7.5 7.5 3.5 -1.5708
7.5 7.5 3.5 -2.35619
7.5 7.5 3.5 2.35619
7.5 7.5 3.5 0
7.5 5 3.5 -0.785398
7.5 5 3.5 -1.5708
7.5 5 3.5 -2.35619
7.5 5 3.5 2.35619
7.5 5 3.5 0
7.5 -2.5 3.5 -2.35619
7.5 -2.5 3.5 3.14159
7.5 -2.5 3.5 2.35619
7.5 -2.5 3.5 1.5708
7.5 -2.5 3.5 0.785398
7.5 -2.5 3.5 0
7.5 -5 3.5 -2.35619
7.5 -5 3.5 3.14159
7.5 -5 3.5 2.35619
7.5 -5 3.5 1.5708
7.5 -5 3.5 0.785398
5 20 3.5 -1.5708
5 20 3.5 -2.35619
5 12.5 3.5 -2.35619
5 12.5 3.5 3.14159
5 12.5 3.5 2.35619
5 12.5 3.5 1.5708
5 10 3.5 -2.35619
5 10 3.5 3.14159
5 10 3.5 2.35619
5 10 3.5 1.5708
5 7.5 3.5 -0.785398
5 7.5 3.5 -1.5708
5 7.5 3.5 -2.35619
5 7.5 3.5 3.14159
5 7.5 3.5 2.35619
5 7.5 3.5 0
5 5 3.5 -0.785398
5 5 3.5 -1.5708
5 5 3.5 -2.35619
5 5 3.5 3.14159
5 5 3.5 2.35619
5 5 3.5 0
5 2.5 3.5 -0.785398
5 2.5 3.5 -1.5708
5 2.5 3.5 -2.35619
5 2.5 3.5 3.14159
5 2.5 3.5 2.35619
5 2.5 3.5 0.785398
5 2.5 3.5 0
5 0 3.5 -0.785398
5 0 3.5 -1.5708
5 0 3.5 -2.35619
5 0 3.5 3.14159
5 0 3.5 2.35619
5 0 3.5 1.5708
5 0 3.5 0.785398
5 0 3.5 0
5 -2.5 3.5 -1.5708
5 -2.5 3.5 -2.35619
5 -2.5 3.5 3.14159
5 -2.5 3.5 2.35619
5 -2.5 3.5 1.5708
5 -2.5 3.5 0.785398
5 -2.5 3.5 0
5 -5 3.5 -2.35619
5 -5 3.5 3.14159
5 -5 3.5 2.35619
5 -5 3.5 1.5708
5 -5 3.5 0.785398
5 -7.5 3.5 -2.35619
5 -7.5 3.5 3.14159
5 -7.5 3.5 2.35619
5 -7.5 3.5 1.5708
5 -10 3.5 -2.35619
5 -10 3.5 3.14159
5 -10 3.5 2.35619
5 -10 3.5 1.5708
5 -12.5 3.5 -2.35619
5 -12.5 3.5 3.14159
5 -12.5 3.5 2.35619
5 -15 3.5 -2.35619
5 -15 3.5 3.14159
5 -15 3.5 2.35619
2.5 20 3.5 -0.785398
2.5 20 3.5 -1.5708
2.5 20 3.5 -2.35619
2.5 20 3.5 3.14159
2.5 12.5 3.5 -1.5708
2.5 12.5 3.5 -2.35619
2.5 12.5 3.5 3.14159
2.5 12.5 3.5 2.35619
2.5 12.5 3.5 1.5708
2.5 12.5 3.5 0.785398
2.5 10 3.5 -1.5708
2.5 10 3.5 -2.35619
2.5 10 3.5 3.14159
2.5 10 3.5 2.35619
2.5 10 3.5 1.5708
2.5 10 3.5 0.785398
2.5 7.5 3.5 -0.785398
2.5 7.5 3.5 -1.5708
2.5 7.5 3.5 -2.35619
2.5 7.5 3.5 3.14159
2.5 7.5 3.5 2.35619
2.5 7.5 3.5 1.5708
2.5 5 3.5 -0.785398
2.5 5 3.5 -1.5708
2.5 5 3.5 -2.35619
2.5 5 3.5 3.14159
2.5 5 3.5 2.35619
2.5 5 3.5 1.5708
2.5 5 3.5 0
2.5 2.5 3.5 -0.785398
2.5 2.5 3.5 -1.5708
2.5 2.5 3.5 -2.35619
2.5 2.5 3.5 3.14159
2.5 2.5 3.5 2.35619
2.5 2.5 3.5 1.5708
2.5 2.5 3.5 0
2.5 0 3.5 -0.785398
2.5 0 3.5 -1.5708
2.5 0 3.5 -2.35619
2.5 0 3.5 3.14159
2.5 0 3.5 2.35619
2.5 0 3.5 1.5708
2.5 0 3.5 0.785398
2.5 0 3.5 0
2.5 -2.5 3.5 -0.785398
2.5 -2.5 3.5 -1.5708
2.5 -2.5 3.5 -2.35619
2.5 -2.5 3.5 3.14159
2.5 -2.5 3.5 2.35619
2.5 -2.5 3.5 1.5708
2.5 -2.5 3.5 0.785398
2.5 -2.5 3.5 0
2.5 -5 3.5 -1.5708
2.5 -5 3.5 -2.35619
2.5 -5 3.5 3.14159
2.5 -5 3.5 2.35619
2.5 -5 3.5 1.5708
2.5 -5 3.5 0.785398
2.5 -5 3.5 0
2.5 -7.5 3.5 -1.5708
2.5 -7.5 3.5 -2.35619
2.5 -7.5 3.5 3.14159
2.5 -7.5 3.5 2.35619
2.5 -7.5 3.5 1.5708
2.5 -7.5 3.5 0.785398
2.5 -10 3.5 -1.5708
2.5 -10 3.5 -2.35619
2.5 -10 3.5 3.14159
2.5 -10 3.5 2.35619
2.5 -10 3.5 1.5708
2.5 -10 3.5 0.785398
2.5 -12.5 3.5 -1.5708
2.5 -12.5 3.5 -2.35619
2.5 -12.5 3.5 3.14159
2.5 -12.5 3.5 2.35619
2.5 -12.5 3.5 1.5708
2.5 -15 3.5 -2.35619
2.5 -15 3.5 3.14159
2.5 -15 3.5 2.35619
2.5 -15 3.5 1.5708
2.5 -17.5 3.5 3.14159
2.5 -17.5 3.5 2.35619
2.5 -17.5 3.5 1.5708
2.5 -20 3.5 2.35619
2.5 -20 3.5 1.5708
0 20 3.5 -0.785398
0 20 3.5 -1.5708
0 20 3.5 -2.35619
0 -20 3.5 1.5708
-2.5 20 3.5 -0.785398
-2.5 20 3.5 -1.5708
-2.5 20 3.5 -2.35619
-2.5 20 3.5 0
-2.5 12.5 3.5 -0.785398
-2.5 12.5 3.5 -1.5708
-2.5 12.5 3.5 2.35619
-2.5 12.5 3.5 1.5708
-2.5 12.5 3.5 0.785398
-2.5 12.5 3.5 0
-2.5 10 3.5 -0.785398
-2.5 10 3.5 -1.5708
-2.5 10 3.5 2.35619
-2.5 10 3.5 1.5708
-2.5 10 3.5 0.785398
-2.5 10 3.5 0
-2.5 7.5 3.5 -0.785398
-2.5 7.5 3.5 -1.5708
-2.5 7.5 3.5 -2.35619
-2.5 7.5 3.5 1.5708
-2.5 7.5 3.5 0.785398
-2.5 7.5 3.5 0
-2.5 5 3.5 -0.785398
-2.5 5 3.5 -1.5708
-2.5 5 3.5 -2.35619
-2.5 5 3.5 3.14159
-2.5 5 3.5 1.5708
-2.5 5 3.5 0.785398
-2.5 5 3.5 0
-2.5 2.5 3.5 -0.785398
-2.5 2.5 3.5 -1.5708
-2.5 2.5 3.5 -2.35619
-2.5 2.5 3.5 3.14159
-2.5 2.5 3.5 1.5708
-2.5 2.5 3.5 0.785398
-2.5 2.5 3.5 0
-2.5 0 3.5 -0.785398
-2.5 0 3.5 -1.5708
-2.5 0 3.5 -2.35619
-2.5 0 3.5 3.14159
-2.5 0 3.5 2.35619
-2.5 0 3.5 1.5708
-2.5 0 3.5 0.785398
-2.5 0 3.5 0
-2.5 -2.5 3.5 -0.785398
-2.5 -2.5 3.5 -1.5708
-2.5 -2.5 3.5 -2.35619
-2.5 -2.5 3.5 3.14159
-2.5 -2.5 3.5 2.35619
-2.5 -2.5 3.5 1.5708
-2.5 -2.5 3.5 0.785398
-2.5 -2.5 3.5 0
-2.5 -5 3.5 -0.785398
-2.5 -5 3.5 -1.5708
-2.5 -5 3.5 3.14159
-2.5 -5 3.5 2.35619
-2.5 -5 3.5 1.5708
-2.5 -5 3.5 0.785398
-2.5 -5 3.5 0
-2.5 -7.5 3.5 -0.785398
-2.5 -7.5 3.5 -1.5708
-2.5 -7.5 3.5 2.35619
-2.5 -7.5 3.5 1.5708
-2.5 -7.5 3.5 0.785398
-2.5 -7.5 3.5 0
-2.5 -10 3.5 -0.785398
-2.5 -10 3.5 -1.5708
-2.5 -10 3.5 2.35619
-2.5 -10 3.5 1.5708
-2.5 -10 3.5 0.785398
-2.5 -10 3.5 0
-2.5 -12.5 3.5 -0.785398
-2.5 -12.5 3.5 -1.5708
-2.5 -12.5 3.5 1.5708
-2.5 -12.5 3.5 0.785398
-2.5 -12.5 3.5 0
-2.5 -15 3.5 -0.785398
-2.5 -15 3.5 1.5708
-2.5 -15 3.5 0.785398
-2.5 -15 3.5 0
-2.5 -17.5 3.5 1.5708
-2.5 -17.5 3.5 0.785398
-2.5 -17.5 3.5 0
-2.5 -20 3.5 1.5708
-2.5 -20 3.5 0.785398
-5 20 3.5 -0.785398
-5 20 3.5 -1.5708
-5 12.5 3.5 -0.785398
-5 12.5 3.5 1.5708
-5 12.5 3.5 0.785398
-5 12.5 3.5 0
-5 10 3.5 -0.785398
-5 10 3.5 1.5708
-5 10 3.5 0.785398
-5 10 3.5 0
-5 7.5 3.5 -0.785398
-5 7.5 3.5 -1.5708
-5 7.5 3.5 -2.35619
-5 7.5 3.5 3.14159
-5 7.5 3.5 0.785398
-5 7.5 3.5 0
-5 5 3.5 -0.785398
-5 5 3.5 -1.5708
-5 5 3.5 -2.35619
-5 5 3.5 3.14159
-5 5 3.5 0.785398
-5 5 3.5 0
-5 2.5 3.5 -0.785398
-5 2.5 3.5 -1.5708
-5 2.5 3.5 -2.35619
-5 2.5 3.5 3.14159
-5 2.5 3.5 2.35619
-5 2.5 3.5 0.785398
-5 2.5 3.5 0
-5 0 3.5 -0.785398
-5 0 3.5 -1.5708
-5 0 3.5 -2.35619
-5 0 3.5 3.14159
-5 0 3.5 2.35619
-5 0 3.5 1.5708
-5 0 3.5 0.785398
-5 0 3.5 0
-5 -2.5 3.5 -0.785398
-5 -2.5 3.5 -1.5708
-5 -2.5 3.5 3.14159
-5 -2.5 3.5 2.35619
-5 -2.5 3.5 1.5708
-5 -2.5 3.5 0.785398
-5 -2.5 3.5 0
-5 -5 3.5 -0.785398
-5 -5 3.5 2.35619
-5 -5 3.5 1.5708
-5 -5 3.5 0.785398
-5 -5 3.5 0
-5 -7.5 3.5 -0.785398
-5 -7.5 3.5 1.5708
-5 -7.5 3.5 0.785398
-5 -7.5 3.5 0
-5 -10 3.5 -0.785398
-5 -10 3.5 1.5708
-5 -10 3.5 0.785398
-5 -10 3.5 0
-5 -12.5 3.5 -0.785398
-5 -12.5 3.5 0.785398
-5 -12.5 3.5 0
-5 -15 3.5 -0.785398
-5 -15 3.5 0.785398
-5 -15 3.5 0
-7.5 20 3.5 -0.785398
-7.5 17.5 3.5 -0.785398
-7.5 17.5 3.5 0
-7.5 15 3.5 -0.785398
-7.5 15 3.5 0.785398
-7.5 15 3.5 0
-7.5 7.5 3.5 -0.785398
-7.5 7.5 3.5 -1.5708
-7.5 7.5 3.5 -2.35619
-7.5 7.5 3.5 3.14159
-7.5 7.5 3.5 0.785398
-7.5 5 3.5 -0.785398
-7.5 5 3.5 -1.5708
-7.5 5 3.5 -2.35619
-7.5 5 3.5 3.14159
-7.5 5 3.5 0.785398
-7.5 -2.5 3.5 -0.785398
-7.5 -2.5 3.5 3.14159
-7.5 -2.5 3.5 2.35619
-7.5 -2.5 3.5 1.5708
-7.5 -2.5 3.5 0.785398
-7.5 -2.5 3.5 0
-7.5 -5 3.5 -0.785398
-7.5 -5 3.5 2.35619
-7.5 -5 3.5 1.5708
-7.5 -5 3.5 0.785398
-7.5 -5 3.5 0
-10 7.5 3.5 -0.785398
-10 7.5 3.5 -1.5708
-10 7.5 3.5 -2.35619
-10 7.5 3.5 3.14159
-10 5 3.5 -0.785398
-10 5 3.5 -1.5708
-10 5 3.5 -2.35619
-10 5 3.5 0
-10 0 3.5 -0.785398
-10 0 3.5 -1.5708
-10 0 3.5 2.35619
-10 0 3.5 1.5708
-10 0 3.5 0.785398
-10 0 3.5 0
-10 -2.5 3.5 -0.785398
-10 -2.5 3.5 2.35619
-10 -2.5 3.5 1.5708
-10 -2.5 3.5 0.785398
-10 -2.5 3.5 0
-10 -5 3.5 1.5708
-10 -5 3.5 0.785398
-10 -5 3.5 0
-12.5 7.5 3.5 -0.785398
-12.5 7.5 3.5 -1.5708
-12.5 7.5 3.5 -2.35619
-12.5 0 3.5 -0.785398
-12.5 0 3.5 2.35619
-12.5 0 3.5 1.5708
-12.5 0 3.5 0.785398
-12.5 0 3.5 0
-12.5 -2.5 3.5 1.5708
-12.5 -2.5 3.5 0.785398
-12.5 -2.5 3.5 0
-15 7.5 3.5 -0.785398
-15 7.5 3.5 -1.5708
-15 2.5 3.5 -0.785398
-15 2.5 3.5 1.5708
-15 2.5 3.5 0.785398
-15 2.5 3.5 0
-17.5 7.5 3.5 -0.785398
-17.5 7.5 3.5 0
-17.5 5 3.5 -0.785398
-17.5 5 3.5 0
-17.5 2.5 3.5 0.785398
-17.5 2.5 3.5 0
15 2.5 1 -2.35619
15 2.5 1 3.14159
12.5 5 1 -1.5708
12.5 5 1 -2.35619
12.5 2.5 1 -2.35619
12.5 0 1 -2.35619
12.5 0 1 3.14159
12.5 -2.5 1 3.14159
12.5 -2.5 1 2.35619
10 5 1 -1.5708
10 -2.5 1 -2.35619
10 -2.5 1 3.14159
10 -2.5 1 2.35619
10 -2.5 1 1.5708
10 -5 1 3.14159
10 -5 1 2.35619
10 -5 1 1.5708
7.5 5 1 -0.785398
7.5 5 1 -1.5708
7.5 5 1 -2.35619
7.5 5 1 3.14159
7.5 0 1 -0.785398
7.5 0 1 -2.35619
7.5 0 1 3.14159
7.5 0 1 2.35619
7.5 0 1 0
7.5 -2.5 1 -2.35619
7.5 -2.5 1 3.14159
7.5 -2.5 1 2.35619
7.5 -2.5 1 0.785398
7.5 -5 1 3.14159
7.5 -5 1 2.35619
7.5 -5 1 1.5708
7.5 -5 1 0.785398
7.5 -7.5 1 3.14159
7.5 -7.5 1 2.35619
7.5 -7.5 1 1.5708
7.5 -7.5 1 0.785398
5 12.5 1 -2.35619
5 10 1 -2.35619
5 7.5 1 -2.35619
5 7.5 1 3.14159
5 5 1 -0.785398
5 5 1 -1.5708
5 5 1 -2.35619
5 5 1 3.14159
5 -7.5 1 -2.35619
5 -7.5 1 3.14159
5 -7.5 1 2.35619
5 -7.5 1 1.5708
5 -10 1 -2.35619
5 -10 1 3.14159
5 -10 1 2.35619
5 -10 1 1.5708
5 -12.5 1 3.14159
5 -12.5 1 2.35619
5 -15 1 3.14159
5 -15 1 2.35619
2.5 15 1 -2.35619
2.5 12.5 1 -1.5708
2.5 12.5 1 -2.35619
2.5 10 1 -1.5708
2.5 10 1 -2.35619
2.5 7.5 1 -1.5708
2.5 7.5 1 -2.35619
2.5 5 1 -0.785398
2.5 5 1 -1.5708
2.5 5 1 -2.35619
2.5 -5 1 -1.5708
2.5 -5 1 -2.35619
2.5 -5 1 3.14159
2.5 -5 1 2.35619
2.5 -5 1 1.5708
2.5 -5 1 0.785398
2.5 -5 1 0
2.5 -7.5 1 -1.5708
2.5 -7.5 1 -2.35619
2.5 -7.5 1 3.14159
2.5 -7.5 1 2.35619
2.5 -7.5 1 1.5708
2.5 -7.5 1 0.785398
2.5 -10 1 2.35619
2.5 -10 1 1.5708
2.5 -10 1 0.785398
2.5 -12.5 1 2.35619
2.5 -12.5 1 1.5708
2.5 -15 1 2.35619
2.5 -15 1 1.5708
2.5 -17.5 1 2.35619
2.5 -17.5 1 1.5708
2.5 -20 1 2.35619
2.5 -20 1 1.5708
0 -20 1 1.5708
-2.5 15 1 -0.785398
-2.5 12.5 1 -0.785398
-2.5 12.5 1 -1.5708
-2.5 10 1 -0.785398
-2.5 10 1 -1.5708
-2.5 7.5 1 -0.785398
-2.5 7.5 1 -1.5708
-2.5 5 1 -0.785398
-2.5 5 1 -1.5708
-2.5 5 1 -2.35619
-2.5 -7.5 1 -0.785398
-2.5 -7.5 1 -1.5708
-2.5 -7.5 1 2.35619
-2.5 -7.5 1 1.5708
-2.5 -7.5 1 0.785398
-2.5 -7.5 1 0
-2.5 -10 1 2.35619
-2.5 -10 1 1.5708
-2.5 -10 1 0.785398
-2.5 -12.5 1 1.5708
-2.5 -12.5 1 0.785398
-2.5 -15 1 1.5708
-2.5 -15 1 0.785398
-2.5 -17.5 1 1.5708
-2.5 -17.5 1 0.785398
-2.5 -20 1 1.5708
-2.5 -20 1 0.785398
-5 12.5 1 -0.785398
-5 10 1 -0.785398
-5 7.5 1 -0.785398
-5 7.5 1 0
-5 5 1 -0.785398
-5 5 1 -1.5708
-5 5 1 -2.35619
-5 5 1 0
-5 -7.5 1 -0.785398
-5 -7.5 1 1.5708
-5 -7.5 1 0.785398
-5 -7.5 1 0
-5 -10 1 -0.785398
-5 -10 1 1.5708
-5 -10 1 0.785398
-5 -10 1 0
-5 -12.5 1 0.785398
-5 -12.5 1 0
-5 -15 1 0.785398
-5 -15 1 0
-7.5 7.5 1 -2.35619
-7.5 5 1 -0.785398
-7.5 5 1 -1.5708
-7.5 5 1 -2.35619
-7.5 5 1 0
-7.5 0 1 -0.785398
-7.5 0 1 -1.5708
-7.5 0 1 -2.35619
-7.5 0 1 3.14159
-7.5 0 1 0.785398
-7.5 0 1 0
-7.5 -2.5 1 -0.785398
-7.5 -2.5 1 2.35619
-7.5 -2.5 1 0.785398
-7.5 -2.5 1 0
-7.5 -5 1 2.35619
-7.5 -5 1 1.5708
-7.5 -5 1 0.785398
-7.5 -5 1 0
-7.5 -7.5 1 2.35619
-7.5 -7.5 1 1.5708
-7.5 -7.5 1 0.785398
-7.5 -7.5 1 0
-10 5 1 -1.5708
-10 -2.5 1 -0.785398
-10 -2.5 1 1.5708
-10 -2.5 1 0.785398
-10 -2.5 1 0
-10 -5 1 1.5708
-10 -5 1 0.785398
-10 -5 1 0
-12.5 5 1 -0.785398
-12.5 5 1 -1.5708
-12.5 2.5 1 -0.785398
-12.5 0 1 -0.785398
-12.5 0 1 0
-12.5 -2.5 1 0.785398
-12.5 -2.5 1 0
