1 7.5 -3.5 2.5
2 7.5 -3.5 2.5
3 7.5 -3.5 2.5
4 7.5 -3.5 2.5
5 7.5 -3.5 2.5
6 7.5 -6.5 2.5
7 7.5 -6.5 2.5
8 7.5 -6.5 2.5
9 7.5 -6.5 2.5
10 4.5 -6.5 2.5
11 4.5 -6.5 2.5
12 4.5 -6.5 2.5
13 4.5 -6.5 2.5
14 7.5 -0.5 -0.5
15 7.5 -0.5 -0.5
16 7.5 -0.5 -0.5
17 7.5 -0.5 -0.5
18 7.5 -0.5 -0.5
19 7.5 -3.5 -0.5
20 7.5 -3.5 -0.5
21 7.5 -3.5 -0.5
22 7.5 -3.5 -0.5
23 7.5 -3.5 -0.5
24 7.5 -6.5 -0.5
25 7.5 -6.5 -0.5
26 7.5 -6.5 -0.5
27 7.5 -6.5 -0.5
28 4.5 -6.5 -0.5
29 4.5 -6.5 -0.5
30 1.5 -0.5 -0.5
31 1.5 -0.5 -0.5
32 1.5 -3.5 -0.5
33 1.5 -3.5 -0.5
34 1.5 -3.5 -0.5
35 -1.5 -3.5 -0.5
36 -1.5 -3.5 -0.5
37 0 -0.5 7
38 0 -0.5 7
39 0 -0.5 -2
40 0 -0.5 -2
41 0 -5 -2
