1 15.5 6.5 4.5
2 15.5 6.5 4.5
3 15.5 6.5 4.5
4 15.5 6.5 4.5
5 15.5 2 4.5
6 15.5 2 4.5
7 15.5 2 4.5
8 15.5 2 4.5
9 15.5 2 4.5
10 15.5 2 4.5
11 15.5 2 4.5
12 11 6.5 4.5
13 11 6.5 4.5
14 11 6.5 4.5
15 11 6.5 4.5
16 11 2 4.5
17 11 2 4.5
18 11 2 4.5
19 11 2 4.5
20 11 2 4.5
21 11 2 4.5
22 11 2 4.5
23 11 -2.5 4.5
24 11 -2.5 4.5
25 11 -2.5 4.5
26 11 -2.5 4.5
27 11 -2.5 4.5
28 11 -2.5 4.5
29 11 -2.5 4.5
30 6.5 6.5 4.5
31 6.5 6.5 4.5
32 6.5 6.5 4.5
33 6.5 6.5 4.5
34 6.5 2 4.5
35 6.5 2 4.5
36 6.5 2 4.5
37 6.5 2 4.5
38 6.5 2 4.5
39 6.5 2 4.5
40 6.5 -2.5 4.5
41 6.5 -2.5 4.5
42 6.5 -2.5 4.5
43 6.5 -2.5 4.5
44 6.5 -2.5 4.5
45 6.5 -2.5 4.5
46 2 6.5 4.5
47 2 2 4.5
48 2 2 4.5
49 2 2 4.5
50 2 -2.5 4.5
51 2 -2.5 4.5
52 2 -2.5 4.5
53 -2.5 2 4.5
54 -2.5 2 4.5
55 -2.5 -2.5 4.5
56 -2.5 -2.5 4.5
57 15.5 6.5 0
58 15.5 6.5 0
59 15.5 6.5 0
60 15.5 6.5 0
61 11 6.5 0
62 11 6.5 0
63 11 6.5 0
64 11 6.5 0
65 11 2 0
66 11 2 0
67 11 2 0
68 11 2 0
69 11 2 0
70 11 2 0
71 11 2 0
72 11 -2.5 0
73 11 -2.5 0
74 11 -2.5 0
75 11 -2.5 0
76 11 -2.5 0
77 11 -2.5 0
78 11 -2.5 0
79 6.5 6.5 0
80 6.5 6.5 0
81 6.5 6.5 0
82 6.5 6.5 0
83 6.5 2 0
84 6.5 2 0
85 6.5 2 0
86 6.5 2 0
87 6.5 2 0
88 6.5 2 0
89 6.5 -2.5 0
90 6.5 -2.5 0
91 6.5 -2.5 0
92 6.5 -2.5 0
93 6.5 -2.5 0
94 6.5 -2.5 0
95 6.5 -7 0
96 6.5 -7 0
97 6.5 -7 0
98 2 6.5 0
99 2 2 0
100 2 2 0
101 2 2 0
102 2 -2.5 0
103 2 -2.5 0
104 2 -2.5 0
105 -2.5 2 0
106 -2.5 2 0
