0 9 7 -0.785398
0 9 7 -1.5708
0 9 7 -2.35619
0 0 7 2.35619
0 0 7 1.5708
0 0 7 0.785398
-4.5 9 7 -0.785398
-4.5 9 7 -1.5708
-4.5 0 7 -0.785398
-4.5 0 7 1.5708
-4.5 0 7 0
0 9 2.5 -0.785398
0 9 2.5 -1.5708
0 9 2.5 -2.35619
0 4.5 2.5 -0.785398
0 4.5 2.5 -1.5708
0 4.5 2.5 -2.35619
0 4.5 2.5 3.14159
0 4.5 2.5 2.35619
0 4.5 2.5 1.5708
0 4.5 2.5 0.785398
0 4.5 2.5 0
0 0 2.5 -0.785398
0 0 2.5 -1.5708
0 0 2.5 -2.35619
0 0 2.5 3.14159
0 0 2.5 2.35619
0 0 2.5 1.5708
0 0 2.5 0.785398
0 0 2.5 0
-4.5 9 2.5 -0.785398
-4.5 9 2.5 -1.5708
-4.5 9 2.5 0
-4.5 4.5 2.5 -0.785398
-4.5 4.5 2.5 -1.5708
-4.5 4.5 2.5 0.785398
-4.5 4.5 2.5 0
-4.5 0 2.5 -0.785398
-4.5 0 2.5 1.5708
-4.5 0 2.5 0.785398
-4.5 0 2.5 0
-9 4.5 2.5 -0.785398
-9 4.5 2.5 0
-9 0 2.5 0.785398
-9 0 2.5 0
