-0.75 -6.75 10.75 2.35619
-0.75 -6.75 10.75 1.5708
-0.75 -6.75 10.75 0.785398
-3.75 -0.75 10.75 -0.785398
-3.75 -0.75 10.75 -1.5708
-3.75 -0.75 10.75 1.5708
-3.75 -0.75 10.75 0.785398
-3.75 -0.75 10.75 0
-3.75 -3.75 10.75 1.5708
-3.75 -3.75 10.75 0.785398
-3.75 -3.75 10.75 0
-3.75 -6.75 10.75 1.5708
-3.75 -6.75 10.75 0.785398
-0.75 -6.75 7.75 2.35619
-0.75 -6.75 7.75 1.5708
-0.75 -6.75 7.75 0.785398
-3.75 -0.75 7.75 -0.785398
-3.75 -0.75 7.75 -1.5708
-3.75 -0.75 7.75 1.5708
-3.75 -0.75 7.75 0.785398
-3.75 -0.75 7.75 0
-3.75 -3.75 7.75 1.5708
-3.75 -3.75 7.75 0.785398
-3.75 -3.75 7.75 0
-3.75 -6.75 7.75 1.5708
-3.75 -6.75 7.75 0.785398
-0.75 -6.75 4.75 2.35619
-0.75 -6.75 4.75 1.5708
-0.75 -6.75 4.75 0.785398
-3.75 -0.75 4.75 -0.785398
-3.75 -0.75 4.75 -1.5708
-3.75 -0.75 4.75 1.5708
-3.75 -0.75 4.75 0.785398
-3.75 -0.75 4.75 0
-3.75 -3.75 4.75 1.5708
-3.75 -3.75 4.75 0.785398
-3.75 -3.75 4.75 0
-3.75 -6.75 4.75 1.5708
-3.75 -6.75 4.75 0.785398
-0.75 -6.75 1.75 2.35619
-0.75 -6.75 1.75 1.5708
-0.75 -6.75 1.75 0.785398
-3.75 -3.75 1.75 1.5708
-3.75 -3.75 1.75 0.785398
-3.75 -3.75 1.75 0
-3.75 -6.75 1.75 1.5708
-3.75 -6.75 1.75 0.785398
-6.75 -0.75 1.75 -0.785398
-6.75 -0.75 1.75 0.785398
-6.75 -0.75 1.75 0
-0.75 -0.75 -1.25 -0.785398
-0.75 -0.75 -1.25 -1.5708
-0.75 -0.75 -1.25 -2.35619
-0.75 -0.75 -1.25 3.14159
-0.75 -0.75 -1.25 2.35619
-0.75 -0.75 -1.25 1.5708
-0.75 -0.75 -1.25 0.785398
-0.75 -0.75 -1.25 0
-0.75 -3.75 -1.25 3.14159
-0.75 -3.75 -1.25 2.35619
-0.75 -3.75 -1.25 1.5708
-0.75 -3.75 -1.25 0.785398
-0.75 -3.75 -1.25 0
-0.75 -6.75 -1.25 2.35619
-0.75 -6.75 -1.25 1.5708
-0.75 -6.75 -1.25 0.785398
-3.75 -0.75 -1.25 -0.785398
-3.75 -0.75 -1.25 -1.5708
-3.75 -0.75 -1.25 1.5708
-3.75 -0.75 -1.25 0.785398
-3.75 -0.75 -1.25 0
-3.75 -3.75 -1.25 1.5708
-3.75 -3.75 -1.25 0.785398
-3.75 -3.75 -1.25 0
-3.75 -6.75 -1.25 1.5708
-3.75 -6.75 -1.25 0.785398
0 -5 7 2.35619
0 -5 7 1.5708
0 -5 7 0.785398
-4.5 -0.5 7 -0.785398
-4.5 -0.5 7 1.5708
-4.5 -0.5 7 0.785398
-4.5 -0.5 7 0
-4.5 -5 7 1.5708
-4.5 -5 7 0.785398
-4.5 -5 7 0
0 -5 2.5 2.35619
0 -5 2.5 1.5708
0 -5 2.5 0.785398
-4.5 -0.5 2.5 -0.785398
-4.5 -0.5 2.5 1.5708
-4.5 -0.5 2.5 0.785398
-4.5 -0.5 2.5 0
-4.5 -5 2.5 1.5708
-4.5 -5 2.5 0.785398
-4.5 -5 2.5 0
0 -0.5 -2 -1.5708
0 -0.5 -2 -2.35619
0 -0.5 -2 3.14159
0 -0.5 -2 2.35619
0 -0.5 -2 1.5708
0 -0.5 -2 0.785398
0 -5 -2 2.35619
0 -5 -2 1.5708
0 -5 -2 0.785398
-4.5 -0.5 -2 -0.785398
-4.5 -0.5 -2 0.785398
-4.5 -0.5 -2 0
-4.5 -5 -2 1.5708
-4.5 -5 -2 0.785398
-4.5 -5 -2 0
