9.75 -0.5 2.5 -0.785398
9.75 -0.5 2.5 -1.5708
9.75 -0.5 2.5 -2.35619
9.75 -0.5 2.5 3.14159
9.75 -0.5 2.5 2.35619
9.75 -0.5 2.5 1.5708
9.75 -0.5 2.5 0.785398
9.75 -0.5 2.5 0
9.75 -3.5 2.5 -0.785398
9.75 -3.5 2.5 3.14159
9.75 -3.5 2.5 2.35619
9.75 -3.5 2.5 1.5708
9.75 -3.5 2.5 0.785398
9.75 -3.5 2.5 0
9.75 -6.5 2.5 2.35619
9.75 -6.5 2.5 1.5708
9.75 -6.5 2.5 0.785398
9.75 -6.5 2.5 0
9.75 -9.5 2.5 1.5708
9.75 -9.5 2.5 0.785398
6.75 -0.5 2.5 -0.785398
6.75 -0.5 2.5 -1.5708
6.75 -0.5 2.5 3.14159
6.75 -0.5 2.5 2.35619
6.75 -0.5 2.5 1.5708
6.75 -0.5 2.5 0.785398
6.75 -0.5 2.5 0
6.75 -3.5 2.5 -0.785398
6.75 -3.5 2.5 2.35619
6.75 -3.5 2.5 1.5708
6.75 -3.5 2.5 0.785398
6.75 -3.5 2.5 0
6.75 -6.5 2.5 2.35619
6.75 -6.5 2.5 1.5708
6.75 -6.5 2.5 0.785398
6.75 -6.5 2.5 0
3.75 -0.5 2.5 -0.785398
3.75 -0.5 2.5 3.14159
3.75 -0.5 2.5 2.35619
3.75 -0.5 2.5 1.5708
3.75 -0.5 2.5 0.785398
3.75 -0.5 2.5 0
3.75 -3.5 2.5 2.35619
3.75 -3.5 2.5 1.5708
3.75 -3.5 2.5 0.785398
3.75 -3.5 2.5 0
3.75 -6.5 2.5 1.5708
3.75 -6.5 2.5 0.785398
0.75 -0.5 2.5 0.785398
0.75 -0.5 2.5 0
0.75 -3.5 2.5 1.5708
0.75 -3.5 2.5 0.785398
0.75 -3.5 2.5 0
0.75 -6.5 2.5 1.5708
0.75 -6.5 2.5 0.785398
-2.25 -0.5 2.5 0
-2.25 -3.5 2.5 0.785398
-2.25 -3.5 2.5 0
0 -0.5 7 0.785398
0 -0.5 7 0
0 -0.5 2.5 0
0 -5 2.5 1.5708
0 -5 2.5 0.785398
