1 0 9 7
2 0 9 7
3 0 9 7
4 0 0 7
5 0 0 7
6 0 0 7
7 -4.5 9 7
8 -4.5 9 7
9 -4.5 0 7
10 -4.5 0 7
11 -4.5 0 7
12 0 9 2.5
13 0 9 2.5
14 0 9 2.5
15 0 4.5 2.5
16 0 4.5 2.5
17 0 4.5 2.5
18 0 4.5 2.5
19 0 4.5 2.5
20 0 4.5 2.5
21 0 4.5 2.5
22 0 4.5 2.5
23 0 0 2.5
24 0 0 2.5
25 0 0 2.5
26 0 0 2.5
27 0 0 2.5
28 0 0 2.5
29 0 0 2.5
30 0 0 2.5
31 -4.5 9 2.5
32 -4.5 9 2.5
33 -4.5 9 2.5
34 -4.5 4.5 2.5
35 -4.5 4.5 2.5
36 -4.5 4.5 2.5
37 -4.5 4.5 2.5
38 -4.5 0 2.5
39 -4.5 0 2.5
40 -4.5 0 2.5
41 -4.5 0 2.5
42 -9 4.5 2.5
43 -9 4.5 2.5
44 -9 0 2.5
45 -9 0 2.5
