7.5 -3.5 2.5 -0.785398
7.5 -3.5 2.5 2.35619
7.5 -3.5 2.5 1.5708
7.5 -3.5 2.5 0.785398
7.5 -3.5 2.5 0
7.5 -6.5 2.5 2.35619
7.5 -6.5 2.5 1.5708
7.5 -6.5 2.5 0.785398
7.5 -6.5 2.5 0
4.5 -6.5 2.5 2.35619
4.5 -6.5 2.5 1.5708
4.5 -6.5 2.5 0.785398
4.5 -6.5 2.5 0
7.5 -0.5 -0.5 -0.785398
7.5 -0.5 -0.5 3.14159
7.5 -0.5 -0.5 2.35619
7.5 -0.5 -0.5 0.785398
7.5 -0.5 -0.5 0
7.5 -3.5 -0.5 -0.785398
7.5 -3.5 -0.5 2.35619
7.5 -3.5 -0.5 1.5708
7.5 -3.5 -0.5 0.785398
7.5 -3.5 -0.5 0
7.5 -6.5 -0.5 2.35619
7.5 -6.5 -0.5 1.5708
7.5 -6.5 -0.5 0.785398
7.5 -6.5 -0.5 0
4.5 -6.5 -0.5 1.5708
4.5 -6.5 -0.5 0.785398
1.5 -0.5 -0.5 0.785398
1.5 -0.5 -0.5 0
1.5 -3.5 -0.5 1.5708
1.5 -3.5 -0.5 0.785398
1.5 -3.5 -0.5 0
-1.5 -3.5 -0.5 0.785398
-1.5 -3.5 -0.5 0
0 -0.5 7 0.785398
0 -0.5 7 0
0 -0.5 -2 0.785398
0 -0.5 -2 0
0 -5 -2 1.5708
