1 -0.75 -6.75 10.75
2 -0.75 -6.75 10.75
3 -0.75 -6.75 10.75
4 -3.75 -0.75 10.75
5 -3.75 -0.75 10.75
6 -3.75 -0.75 10.75
7 -3.75 -0.75 10.75
8 -3.75 -0.75 10.75
9 -3.75 -3.75 10.75
10 -3.75 -3.75 10.75
11 -3.75 -3.75 10.75
12 -3.75 -6.75 10.75
13 -3.75 -6.75 10.75
14 -0.75 -6.75 7.75
15 -0.75 -6.75 7.75
16 -0.75 -6.75 7.75
17 -3.75 -0.75 7.75
18 -3.75 -0.75 7.75
19 -3.75 -0.75 7.75
20 -3.75 -0.75 7.75
21 -3.75 -0.75 7.75
22 -3.75 -3.75 7.75
23 -3.75 -3.75 7.75
24 -3.75 -3.75 7.75
25 -3.75 -6.75 7.75
26 -3.75 -6.75 7.75
27 -0.75 -6.75 4.75
28 -0.75 -6.75 4.75
29 -0.75 -6.75 4.75
30 -3.75 -0.75 4.75
31 -3.75 -0.75 4.75
32 -3.75 -0.75 4.75
33 -3.75 -0.75 4.75
34 -3.75 -0.75 4.75
35 -3.75 -3.75 4.75
36 -3.75 -3.75 4.75
37 -3.75 -3.75 4.75
38 -3.75 -6.75 4.75
39 -3.75 -6.75 4.75
40 -0.75 -6.75 1.75
41 -0.75 -6.75 1.75
42 -0.75 -6.75 1.75
43 -3.75 -3.75 1.75
44 -3.75 -3.75 1.75
45 -3.75 -3.75 1.75
46 -3.75 -6.75 1.75
47 -3.75 -6.75 1.75
48 -6.75 -0.75 1.75
49 -6.75 -0.75 1.75
50 -6.75 -0.75 1.75
51 -0.75 -0.75 -1.25
52 -0.75 -0.75 -1.25
53 -0.75 -0.75 -1.25
54 -0.75 -0.75 -1.25
55 -0.75 -0.75 -1.25
56 -0.75 -0.75 -1.25
57 -0.75 -0.75 -1.25
58 -0.75 -0.75 -1.25
59 -0.75 -3.75 -1.25
60 -0.75 -3.75 -1.25
61 -0.75 -3.75 -1.25
62 -0.75 -3.75 -1.25
63 -0.75 -3.75 -1.25
64 -0.75 -6.75 -1.25
65 -0.75 -6.75 -1.25
66 -0.75 -6.75 -1.25
67 -3.75 -0.75 -1.25
68 -3.75 -0.75 -1.25
69 -3.75 -0.75 -1.25
70 -3.75 -0.75 -1.25
71 -3.75 -0.75 -1.25
72 -3.75 -3.75 -1.25
73 -3.75 -3.75 -1.25
74 -3.75 -3.75 -1.25
75 -3.75 -6.75 -1.25
76 -3.75 -6.75 -1.25
77 0 -5 7
78 0 -5 7
79 0 -5 7
80 -4.5 -0.5 7
81 -4.5 -0.5 7
82 -4.5 -0.5 7
83 -4.5 -0.5 7
84 -4.5 -5 7
85 -4.5 -5 7
86 -4.5 -5 7
87 0 -5 2.5
88 0 -5 2.5
89 0 -5 2.5
90 -4.5 -0.5 2.5
91 -4.5 -0.5 2.5
92 -4.5 -0.5 2.5
93 -4.5 -0.5 2.5
94 -4.5 -5 2.5
95 -4.5 -5 2.5
96 -4.5 -5 2.5
97 0 -0.5 -2
98 0 -0.5 -2
99 0 -0.5 -2
100 0 -0.5 -2
101 0 -0.5 -2
102 0 -0.5 -2
103 0 -5 -2
104 0 -5 -2
105 0 -5 -2
106 -4.5 -0.5 -2
107 -4.5 -0.5 -2
108 -4.5 -0.5 -2
109 -4.5 -5 -2
110 -4.5 -5 -2
111 -4.5 -5 -2
